x y
3 3
3 3
4 4
4 3
5 5
5 4
5 4
5 3
6 5
6 3
7 6
7 5
7 4
7 5
7 4
7 4
8 6
8 5
8 5
8 4
9 6
9 5
9 4
9 5
9 4
9 4
10 7
10 4
10 4
10 5
11 8
11 6
11 5
11 5
11 4
11 6
11 5
11 5
11 5
11 6
12 8
12 5
12 6
12 6
13 8
13 6
13 5
13 5
13 5
13 5
13 6
13 4
13 5
13 5
13 5
13 6
14 8
14 5
14 5
14 5
14 5
14 7
15 8
15 7
15 6
15 5
15 7
15 6
15 5
15 6
16 8
16 6
16 5
16 6
16 8
16 6
16 5
16 7
17 9
17 6
17 7
17 6
17 5
17 6
17 5
17 6
17 6
17 5
17 5
17 5
17 5
17 5
17 5
17 7
18 9
18 5
18 6
18 5
18 6
18 7
19 9
19 7
19 6
19 6
19 6
19 5
19 5
19 6
19 6
19 7
19 6
19 6
19 5
19 5
19 6
19 5
19 6
19 7
20 9
20 6
20 6
20 6
20 8
20 5
20 5
20 7
21 9
21 7
21 6
21 6
21 7
21 6
21 7
21 6
21 6
21 5
21 6
21 8
22 10
22 6
22 6
22 5
22 6
22 6
22 6
22 6
22 6
22 8
23 11
23 8
23 7
23 6
23 7
23 6
23 6
23 7
23 6
23 6
23 6
23 8
23 6
23 7
23 6
23 7
23 6
23 7
23 6
23 6
23 6
23 8
24 11
24 7
24 7
24 7
24 8
24 7
24 7
24 9
25 11
25 7
25 6
25 6
25 6
25 6
25 5
25 6
25 6
25 7
25 7
25 6
25 6
25 7
25 6
25 6
25 6
25 6
25 7
25 9
26 11
26 7
26 6
26 6
26 7
26 6
26 6
26 6
26 6
26 6
26 6
26 8
27 11
27 8
27 6
27 6
27 6
27 6
27 7
27 6
27 6
27 8
27 6
27 6
27 7
27 6
27 6
27 6
27 6
27 9
28 11
28 7
28 6
28 7
28 6
28 7
28 9
28 6
28 6
28 6
28 7
28 9
29 11
29 8
29 6
29 7
29 7
29 7
29 6
29 6
29 7
29 6
29 7
29 6
29 6
29 6
29 8
29 7
29 7
29 6
29 6
29 6
29 6
29 7
29 6
29 6
29 6
29 6
29 7
29 9
30 11
30 7
30 8
30 7
30 7
30 8
30 7
30 9
31 11
31 8
31 6
31 8
31 7
31 6
31 7
31 7
31 7
31 6
31 6
31 7
31 7
31 6
31 7
31 8
31 6
31 7
31 7
31 6
31 7
31 6
31 7
31 6
31 7
31 6
31 7
31 6
31 7
31 9
32 11
32 7
32 6
32 7
32 8
32 7
32 7
32 8
32 9
32 7
32 6
32 7
32 8
32 7
32 6
32 9
33 11
33 8
33 6
33 7
33 6
33 7
33 8
33 7
33 7
33 7
33 8
33 6
33 7
33 8
33 6
33 6
33 7
33 7
33 7
33 9
34 11
34 7
34 7
34 7
34 6
34 7
34 6
34 6
34 6
34 6
34 7
34 7
34 7
34 7
34 6
34 9
35 11
35 8
35 8
35 7
35 9
35 7
35 7
35 7
35 7
35 7
35 7
35 7
35 8
35 6
35 7
35 7
35 7
35 7
35 7
35 7
35 7
35 7
35 7
35 9
36 11
36 6
36 7
36 7
36 9
36 8
36 10
36 7
36 9
36 7
36 7
36 9
37 11
37 8
37 7
37 7
37 7
37 7
37 6
37 6
37 7
37 7
37 7
37 7
37 7
37 7
37 7
37 6
37 7
37 7
37 8
37 7
37 7
37 7
37 7
37 6
37 7
37 7
37 7
37 6
37 7
37 7
37 7
37 7
37 6
37 7
37 7
37 9
38 11
38 7
38 7
38 7
38 7
38 7
38 7
38 7
38 6
38 7
38 7
38 6
38 7
38 7
38 6
38 6
38 7
38 10
39 11
39 9
39 7
39 7
39 7
39 7
39 7
39 7
39 9
39 7
39 7
39 8
39 9
39 7
39 7
39 9
39 7
39 6
39 7
39 7
39 7
39 6
39 8
39 10
40 11
40 7
40 7
40 9
40 8
40 7
40 7
40 8
40 10
40 7
40 8
40 8
40 9
40 7
40 7
40 10
41 12
41 8
41 7
41 7
41 7
41 8
41 8
41 7
41 7
41 7
41 7
41 8
41 6
41 7
41 6
41 6
41 8
41 7
41 6
41 8
41 8
41 8
41 7
41 8
41 7
41 7
41 7
41 7
41 8
41 7
41 7
41 7
41 7
41 7
41 8
41 7
41 7
41 7
41 8
41 10
42 12
42 6
42 7
42 8
42 6
42 7
42 7
42 7
42 9
42 7
42 7
42 10
43 12
43 9
43 7
43 7
43 7
43 7
43 7
43 6
43 7
43 7
43 7
43 7
43 7
43 7
43 7
43 7
43 6
43 7
43 7
43 7
43 7
43 9
43 7
43 7
43 7
43 7
43 7
43 7
43 7
43 7
43 7
43 7
43 7
43 7
43 7
43 7
43 7
43 7
43 7
43 7
43 7
43 10
44 12
44 8
44 7
44 7
44 7
44 7
44 8
44 7
44 8
44 9
44 10
44 7
44 7
44 7
44 7
44 7
44 7
44 7
44 7
44 10
45 12
45 9
45 7
45 8
45 7
45 7
45 7
45 7
45 9
45 8
45 9
45 7
45 9
45 8
45 8
45 8
45 9
45 7
45 7
45 7
45 7
45 7
45 8
45 11
46 12
46 7
46 7
46 7
46 7
46 7
46 7
46 7
46 7
46 7
46 7
46 8
46 7
46 8
46 7
46 7
46 8
46 7
46 8
46 7
46 7
46 10
47 13
47 10
47 8
47 8
47 7
47 8
47 8
47 8
47 8
47 7
47 7
47 8
47 7
47 7
47 7
47 7
47 8
47 7
47 7
47 7
47 7
47 7
47 8
47 9
47 7
47 7
47 8
47 7
47 8
47 8
47 7
47 7
47 7
47 7
47 7
47 8
47 7
47 7
47 7
47 8
47 7
47 7
47 7
47 6
47 8
47 10
48 13
48 8
48 9
48 8
48 9
48 9
48 8
48 9
48 11
48 8
48 9
48 9
48 9
48 9
48 8
48 11
49 13
49 9
49 7
49 7
49 8
49 7
49 7
49 7
49 8
49 7
49 7
49 7
49 7
49 7
49 8
49 8
49 8
49 7
49 7
49 7
49 8
49 8
49 7
49 7
49 7
49 7
49 7
49 7
49 8
49 7
49 7
49 7
49 7
49 7
49 7
49 7
49 7
49 7
49 7
49 7
49 8
49 10
50 13
50 8
50 8
50 7
50 8
50 7
50 8
50 7
50 8
50 7
50 7
50 8
50 8
50 7
50 7
50 8
50 8
50 8
50 7
50 10
51 13
51 9
51 8
51 7
51 7
51 7
51 7
51 7
51 8
51 7
51 8
51 7
51 8
51 7
51 7
51 8
51 9
51 7
51 8
51 7
51 7
51 10
51 7
51 7
51 7
51 7
51 7
51 7
51 7
51 7
51 8
51 11
52 13
52 8
52 7
52 7
52 9
52 7
52 7
52 7
52 8
52 7
52 7
52 10
52 11
52 9
52 7
52 8
52 8
52 7
52 8
52 7
52 7
52 7
52 7
52 11
53 13
53 9
53 9
53 7
53 7
53 8
53 7
53 7
53 7
53 7
53 7
53 7
53 7
53 8
53 7
53 7
53 7
53 8
53 7
53 7
53 7
53 7
53 7
53 8
53 7
53 8
53 9
53 7
53 7
53 8
53 7
53 7
53 7
53 7
53 8
53 7
53 7
53 7
53 7
53 7
53 7
53 8
53 8
53 7
53 8
53 7
53 7
53 7
53 7
53 7
53 8
53 11
54 13
54 7
54 8
54 7
54 8
54 9
54 9
54 8
54 8
54 8
54 8
54 9
54 9
54 8
54 8
54 8
54 8
54 11
55 13
55 9
55 8
55 8
55 7
55 8
55 8
55 7
55 9
55 7
55 8
55 8
55 8
55 8
55 8
55 9
55 9
55 7
55 8
55 9
55 10
55 7
55 7
55 8
55 9
55 7
55 7
55 7
55 7
55 7
55 8
55 8
55 7
55 7
55 7
55 8
55 7
55 8
55 8
55 11
56 13
56 8
56 7
56 8
56 7
56 9
56 10
56 8
56 8
56 7
56 8
56 9
56 11
56 7
56 8
56 7
56 7
56 9
56 10
56 7
56 7
56 7
56 7
56 11
57 13
57 9
57 7
57 7
57 9
57 8
57 8
57 7
57 7
57 7
57 8
57 7
57 10
57 7
57 7
57 7
57 7
57 8
57 9
57 7
57 8
57 7
57 7
57 9
57 7
57 8
57 7
57 7
57 7
57 7
57 9
57 7
57 7
57 7
57 8
57 11
58 13
58 8
58 8
58 8
58 7
58 7
58 7
58 8
58 8
58 7
58 7
58 7
58 7
58 7
58 8
58 7
58 8
58 7
58 8
58 8
58 8
58 8
58 8
58 8
58 7
58 7
58 8
58 11
59 14
59 10
59 8
59 9
59 8
59 7
59 7
59 7
59 8
59 7
59 8
59 7
59 8
59 7
59 9
59 8
59 7
59 7
59 7
59 8
59 7
59 7
59 7
59 8
59 8
59 8
59 7
59 7
59 8
59 9
59 7
59 7
59 8
59 9
59 7
59 7
59 8
59 8
59 8
59 8
59 7
59 8
59 7
59 7
59 7
59 8
59 7
59 7
59 7
59 7
59 7
59 7
59 7
59 7
59 7
59 7
59 8
59 11
60 14
60 8
60 9
60 9
60 8
60 10
60 8
60 10
60 12
60 9
60 10
60 8
60 8
60 9
60 8
60 11
61 14
61 9
61 8
61 8
61 8
61 8
61 8
61 8
61 7
61 7
61 7
61 7
61 8
61 7
61 7
61 8
61 8
61 9
61 7
61 8
61 8
61 7
61 9
61 8
61 7
61 7
61 7
61 8
61 7
61 8
61 10
61 7
61 7
61 8
61 8
61 7
61 8
61 8
61 7
61 8
61 8
61 7
61 8
61 8
61 8
61 8
61 8
61 8
61 8
61 7
61 8
61 8
61 8
61 7
61 8
61 8
61 7
61 8
61 8
61 11
62 14
62 8
62 8
62 8
62 8
62 8
62 8
62 8
62 7
62 8
62 8
62 7
62 8
62 7
62 8
62 8
62 8
62 7
62 9
62 7
62 7
62 8
62 9
62 8
62 7
62 8
62 7
62 7
62 8
62 11
63 14
63 10
63 9
63 8
63 10
63 8
63 8
63 7
63 9
63 8
63 8
63 9
63 10
63 8
63 8
63 8
63 8
63 8
63 10
63 7
63 8
63 8
63 8
63 9
63 10
63 8
63 9
63 8
63 8
63 8
63 8
63 9
63 7
63 8
63 8
63 12
64 14
64 8
64 7
64 7
64 9
64 7
64 8
64 10
64 10
64 8
64 7
64 8
64 8
64 7
64 7
64 10
64 12
64 8
64 7
64 8
64 9
64 8
64 7
64 9
64 10
64 7
64 7
64 8
64 9
64 8
64 8
64 12
65 14
65 10
65 8
65 8
65 8
65 8
65 8
65 7
65 8
65 8
65 9
65 8
65 8
65 8
65 7
65 8
65 8
65 8
65 8
65 9
65 8
65 7
65 8
65 9
65 9
65 8
65 8
65 8
65 8
65 8
65 8
65 8
65 8
65 8
65 8
65 7
65 7
65 9
65 9
65 8
65 8
65 8
65 8
65 8
65 8
65 8
65 9
65 11
66 14
66 8
66 8
66 7
66 8
66 7
66 11
66 8
66 8
66 8
66 8
66 8
66 8
66 9
66 7
66 9
66 8
66 7
66 8
66 11
67 14
67 10
67 8
67 8
67 7
67 8
67 8
67 8
67 8
67 8
67 8
67 7
67 8
67 7
67 8
67 7
67 8
67 8
67 8
67 7
67 8
67 8
67 8
67 7
67 8
67 8
67 8
67 8
67 9
67 8
67 7
67 8
67 9
67 9
67 8
67 9
67 9
67 8
67 8
67 8
67 8
67 8
67 7
67 8
67 8
67 8
67 8
67 7
67 7
67 7
67 8
67 7
67 8
67 8
67 8
67 7
67 8
67 7
67 7
67 8
67 8
67 7
67 8
67 7
67 8
67 12
68 14
68 8
68 7
68 8
68 7
68 8
68 7
68 8
68 8
68 8
68 8
68 8
68 8
68 7
68 8
68 11
68 12
68 8
68 8
68 7
68 8
68 8
68 8
68 8
68 7
68 7
68 8
68 7
68 7
68 7
68 7
68 12
69 14
69 10
69 8
69 8
69 7
69 8
69 8
69 8
69 8
69 8
69 8
69 8
69 7
69 8
69 10
69 9
69 8
69 8
69 8
69 8
69 7
69 9
69 9
69 8
69 7
69 8
69 8
69 7
69 8
69 11
69 8
69 8
69 8
69 7
69 8
69 8
69 9
69 8
69 8
69 8
69 8
69 7
69 8
69 11
70 14
70 8
70 8
70 9
70 8
70 8
70 8
70 8
70 9
70 9
70 9
70 8
70 8
70 8
70 11
70 9
70 8
70 9
70 8
70 9
70 8
70 9
70 8
70 12
71 14
71 10
71 9
71 8
71 7
71 10
71 7
71 9
71 9
71 8
71 8
71 9
71 8
71 7
71 9
71 8
71 7
71 8
71 9
71 8
71 8
71 7
71 7
71 9
71 8
71 8
71 8
71 8
71 8
71 8
71 8
71 8
71 7
71 8
71 9
71 10
71 8
71 8
71 7
71 7
71 8
71 7
71 8
71 8
71 8
71 7
71 8
71 8
71 9
71 8
71 8
71 8
71 8
71 8
71 8
71 7
71 8
71 8
71 8
71 8
71 8
71 8
71 8
71 7
71 8
71 8
71 8
71 8
71 9
71 12
72 14
72 8
72 8
72 9
72 9
72 10
72 11
72 9
72 12
72 8
72 8
72 10
72 12
72 8
72 8
72 10
72 12
72 10
72 11
72 8
72 9
72 8
72 8
72 12
73 14
73 9
73 8
73 8
73 8
73 8
73 8
73 8
73 8
73 8
73 8
73 8
73 8
73 8
73 8
73 8
73 8
73 8
73 8
73 8
73 8
73 7
73 8
73 8
73 8
73 8
73 8
73 8
73 8
73 7
73 8
73 9
73 8
73 7
73 8
73 9
73 9
73 8
73 7
73 8
73 8
73 8
73 7
73 8
73 8
73 8
73 7
73 8
73 8
73 7
73 8
73 8
73 7
73 8
73 8
73 7
73 9
73 8
73 8
73 8
73 7
73 7
73 8
73 9
73 8
73 7
73 8
73 7
73 8
73 8
73 9
73 12
74 14
74 8
74 9
74 8
74 8
74 8
74 8
74 8
74 8
74 8
74 8
74 8
74 9
74 8
74 8
74 8
74 7
74 8
74 8
74 8
74 8
74 8
74 9
74 8
74 8
74 8
74 8
74 7
74 8
74 8
74 8
74 8
74 8
74 8
74 8
74 12
75 14
75 10
75 9
75 8
75 7
75 8
75 8
75 8
75 9
75 9
75 9
75 7
75 8
75 11
75 8
75 9
75 9
75 8
75 9
75 8
75 10
75 7
75 8
75 8
75 9
75 8
75 9
75 8
75 9
75 8
75 8
75 9
75 9
75 8
75 9
75 8
75 8
75 8
75 8
75 12
76 14
76 8
76 8
76 8
76 8
76 8
76 8
76 8
76 8
76 8
76 8
76 8
76 8
76 8
76 8
76 8
76 8
76 11
76 12
76 8
76 8
76 9
76 8
76 9
76 8
76 8
76 8
76 8
76 8
76 8
76 7
76 8
76 8
76 8
76 8
76 12
77 14
77 10
77 9
77 8
77 8
77 8
77 8
77 8
77 8
77 9
77 8
77 8
77 8
77 8
77 8
77 8
77 8
77 9
77 7
77 8
77 9
77 8
77 8
77 8
77 7
77 8
77 9
77 8
77 8
77 9
77 10
77 8
77 8
77 10
77 9
77 7
77 8
77 8
77 8
77 8
77 8
77 7
77 8
77 8
77 8
77 8
77 8
77 8
77 8
77 9
77 8
77 9
77 8
77 8
77 9
77 8
77 8
77 8
77 9
77 12
78 14
78 8
78 8
78 8
78 7
78 9
78 8
78 10
78 8
78 8
78 8
78 8
78 9
78 8
78 8
78 8
78 11
78 9
78 9
78 9
78 8
78 7
78 8
78 12
79 14
79 10
79 8
79 9
79 8
79 8
79 8
79 8
79 10
79 8
79 8
79 8
79 7
79 8
79 9
79 8
79 8
79 8
79 8
79 9
79 8
79 9
79 9
79 8
79 8
79 8
79 8
79 8
79 9
79 9
79 8
79 7
79 8
79 8
79 8
79 8
79 7
79 8
79 9
79 10
79 8
79 8
79 8
79 10
79 8
79 8
79 8
79 7
79 9
79 9
79 8
79 8
79 10
79 8
79 9
79 8
79 8
79 8
79 8
79 7
79 8
79 8
79 8
79 8
79 8
79 8
79 7
79 8
79 8
79 8
79 8
79 8
79 7
79 8
79 7
79 8
79 9
79 12
80 14
80 9
80 8
80 10
80 9
80 8
80 9
80 10
80 11
80 8
80 9
80 9
80 10
80 9
80 8
80 11
80 12
80 8
80 8
80 10
80 9
80 9
80 9
80 10
80 11
80 8
80 8
80 9
80 10
80 9
80 9
80 12
81 14
81 10
81 8
81 8
81 8
81 8
81 9
81 8
81 8
81 9
81 7
81 8
81 9
81 8
81 8
81 8
81 9
81 10
81 12
81 9
81 8
81 8
81 8
81 8
81 9
81 8
81 9
81 9
81 8
81 7
81 9
81 8
81 8
81 8
81 8
81 10
81 12
81 8
81 8
81 8
81 8
81 8
81 8
81 8
81 8
81 8
81 8
81 8
81 9
81 8
81 8
81 8
81 9
81 12
82 14
82 9
82 9
82 8
82 9
82 7
82 8
82 8
82 8
82 8
82 9
82 8
82 8
82 9
82 8
82 8
82 8
82 8
82 8
82 8
82 8
82 8
82 8
82 8
82 8
82 9
82 8
82 8
82 9
82 8
82 8
82 9
82 8
82 8
82 8
82 9
82 8
82 8
82 8
82 12
83 14
83 10
83 9
83 8
83 8
83 9
83 8
83 8
83 8
83 8
83 8
83 8
83 8
83 9
83 8
83 8
83 8
83 7
83 7
83 8
83 8
83 8
83 8
83 8
83 9
83 8
83 8
83 8
83 8
83 8
83 8
83 8
83 8
83 8
83 8
83 8
83 8
83 8
83 8
83 8
83 9
83 10
83 8
83 8
83 8
83 8
83 7
83 8
83 8
83 9
83 8
83 8
83 8
83 8
83 8
83 8
83 8
83 8
83 8
83 7
83 8
83 8
83 8
83 8
83 8
83 8
83 8
83 8
83 7
83 8
83 8
83 8
83 8
83 8
83 8
83 8
83 8
83 8
83 8
83 8
83 8
83 12
84 14
84 8
84 8
84 10
84 8
84 9
84 8
84 9
84 11
84 9
84 9
84 11
84 13
84 8
84 8
84 10
84 8
84 9
84 8
84 9
84 10
84 9
84 9
84 13
85 14
85 10
85 9
85 9
85 8
85 8
85 9
85 8
85 8
85 8
85 8
85 8
85 10
85 10
85 8
85 8
85 8
85 8
85 8
85 8
85 8
85 8
85 8
85 8
85 9
85 9
85 8
85 8
85 9
85 8
85 8
85 9
85 10
85 8
85 8
85 9
85 8
85 8
85 10
85 8
85 8
85 8
85 9
85 8
85 8
85 8
85 8
85 8
85 9
85 8
85 9
85 10
85 8
85 8
85 8
85 8
85 8
85 8
85 8
85 8
85 8
85 8
85 9
85 12
86 14
86 8
86 8
86 8
86 8
86 8
86 8
86 8
86 7
86 8
86 8
86 8
86 8
86 8
86 8
86 8
86 8
86 8
86 8
86 8
86 8
86 9
86 8
86 8
86 8
86 8
86 8
86 8
86 8
86 8
86 8
86 9
86 8
86 8
86 8
86 8
86 8
86 8
86 8
86 8
86 8
86 13
87 14
87 11
87 8
87 8
87 8
87 8
87 8
87 8
87 8
87 8
87 8
87 8
87 8
87 8
87 8
87 9
87 9
87 9
87 10
87 8
87 8
87 8
87 8
87 8
87 8
87 8
87 8
87 9
87 11
87 8
87 8
87 8
87 8
87 8
87 9
87 8
87 8
87 12
87 7
87 8
87 8
87 8
87 8
87 8
87 8
87 8
87 9
87 8
87 8
87 8
87 8
87 8
87 8
87 8
87 9
87 12
88 14
88 8
88 8
88 8
88 9
88 8
88 9
88 9
88 8
88 10
88 11
88 8
88 8
88 8
88 8
88 8
88 8
88 8
88 8
88 11
88 13
88 9
88 9
88 8
88 8
88 8
88 8
88 8
88 8
88 10
88 11
88 8
88 8
88 8
88 8
88 8
88 8
88 8
88 8
88 13
89 15
89 10
89 9
89 8
89 9
89 8
89 8
89 8
89 9
89 9
89 8
89 8
89 8
89 8
89 8
89 8
89 8
89 9
89 9
89 8
89 8
89 8
89 8
89 8
89 9
89 8
89 8
89 8
89 8
89 9
89 8
89 10
89 8
89 8
89 8
89 8
89 8
89 8
89 8
89 8
89 8
89 8
89 8
89 9
89 10
89 8
89 8
89 8
89 8
89 8
89 8
89 8
89 8
89 8
89 9
89 8
89 9
89 8
89 8
89 8
89 8
89 8
89 8
89 9
89 8
89 8
89 8
89 8
89 8
89 8
89 8
89 8
89 8
89 8
89 9
89 9
89 8
89 8
89 8
89 9
89 8
89 8
89 8
89 8
89 8
89 8
89 9
89 13
90 15
90 8
90 10
90 8
90 10
90 10
90 9
90 10
90 12
90 10
90 9
90 8
90 9
90 9
90 9
90 10
90 12
90 9
90 10
90 10
90 8
90 9
90 9
90 13
91 15
91 11
91 8
91 8
91 8
91 8
91 8
91 9
91 8
91 8
91 9
91 8
91 9
91 8
91 8
91 8
91 8
91 9
91 8
91 8
91 9
91 10
91 9
91 8
91 8
91 8
91 9
91 8
91 8
91 9
91 8
91 9
91 8
91 8
91 8
91 9
91 10
91 8
91 8
91 8
91 8
91 9
91 8
91 8
91 9
91 8
91 8
91 8
91 9
91 8
91 10
91 9
91 8
91 8
91 8
91 9
91 8
91 8
91 9
91 8
91 8
91 9
91 8
91 9
91 8
91 8
91 8
91 8
91 8
91 8
91 9
91 12
92 15
92 8
92 8
92 8
92 8
92 8
92 8
92 8
92 8
92 8
92 8
92 9
92 8
92 8
92 8
92 8
92 9
92 8
92 8
92 8
92 8
92 11
92 13
92 8
92 8
92 8
92 8
92 8
92 9
92 8
92 8
92 8
92 8
92 9
92 8
92 8
92 8
92 8
92 9
92 8
92 8
92 8
92 8
92 13
93 15
93 11
93 9
93 8
93 9
93 9
93 8
93 9
93 8
93 9
93 9
93 9
93 8
93 9
93 9
93 8
93 9
93 8
93 8
93 8
93 12
93 8
93 10
93 8
93 8
93 8
93 8
93 8
93 9
93 9
93 11
93 8
93 8
93 8
93 8
93 8
93 8
93 8
93 8
93 11
93 9
93 8
93 9
93 8
93 9
93 8
93 8
93 8
93 8
93 8
93 8
93 8
93 8
93 8
93 8
93 8
93 8
93 8
93 9
93 13
94 15
94 9
94 8
94 9
94 8
94 8
94 8
94 8
94 8
94 8
94 8
94 9
94 8
94 9
94 8
94 8
94 8
94 9
94 8
94 8
94 9
94 8
94 9
94 10
94 9
94 8
94 9
94 8
94 9
94 9
94 9
94 8
94 8
94 8
94 9
94 8
94 8
94 8
94 8
94 8
94 9
94 8
94 8
94 8
94 8
94 13
95 15
95 11
95 8
95 9
95 8
95 8
95 9
95 8
95 9
95 9
95 9
95 9
95 8
95 8
95 9
95 8
95 9
95 8
95 9
95 9
95 8
95 8
95 9
95 8
95 9
95 8
95 9
95 8
95 9
95 11
95 8
95 8
95 9
95 9
95 8
95 9
95 11
95 8
95 8
95 9
95 10
95 8
95 11
95 10
95 9
95 8
95 8
95 8
95 9
95 8
95 8
95 8
95 8
95 8
95 8
95 9
95 8
95 10
95 8
95 8
95 8
95 8
95 8
95 8
95 9
95 8
95 8
95 8
95 8
95 9
95 9
95 12
96 15
96 9
96 10
96 9
96 9
96 11
96 8
96 10
96 12
96 9
96 11
96 9
96 9
96 9
96 8
96 11
96 14
96 9
96 10
96 9
96 9
96 12
96 8
96 10
96 12
96 9
96 10
96 9
96 9
96 10
96 8
96 13
97 15
97 11
97 9
97 8
97 8
97 8
97 10
97 8
97 9
97 9
97 8
97 8
97 8
97 9
97 9
97 8
97 8
97 8
97 8
97 8
97 8
97 9
97 9
97 9
97 8
97 8
97 8
97 8
97 8
97 8
97 9
97 8
97 8
97 9
97 9
97 8
97 9
97 9
97 8
97 8
97 8
97 8
97 8
97 8
97 8
97 8
97 8
97 10
97 10
97 9
97 9
97 8
97 8
97 9
97 8
97 9
97 8
97 8
97 8
97 8
97 9
97 8
97 9
97 8
97 9
97 8
97 8
97 9
97 8
97 8
97 8
97 8
97 8
97 8
97 9
97 8
97 8
97 8
97 8
97 8
97 8
97 9
97 9
97 8
97 8
97 8
97 8
97 8
97 8
97 9
97 8
97 8
97 9
97 8
97 9
97 13
98 15
98 9
98 9
98 8
98 9
98 9
98 9
98 8
98 8
98 8
98 9
98 8
98 9
98 8
98 9
98 8
98 8
98 9
98 9
98 8
98 9
98 9
98 8
98 9
98 9
98 9
98 8
98 8
98 9
98 9
98 9
98 8
98 8
98 9
98 8
98 9
98 9
98 8
98 9
98 8
98 8
98 13
99 15
99 10
99 8
99 9
99 9
99 9
99 11
99 8
99 9
99 9
99 8
99 8
99 9
99 9
99 8
99 9
99 9
99 8
99 9
99 10
99 12
99 9
99 9
99 8
99 8
99 8
99 9
99 9
99 8
99 9
99 10
99 9
99 8
99 10
99 8
99 8
99 8
99 8
99 9
99 10
99 12
99 8
99 8
99 8
99 8
99 8
99 9
99 8
99 8
99 9
99 8
99 8
99 8
99 10
99 9
99 9
99 8
99 8
99 9
99 13
100 15
100 9
100 9
100 8
100 9
100 8
100 9
100 9
100 10
100 8
100 8
100 8
100 9
100 8
100 8
100 9
100 10
100 9
100 8
100 11
100 14
100 8
100 9
100 10
100 10
100 8
100 8
100 8
100 9
100 8
100 8
100 9
100 10
100 8
100 8
100 8
100 9
100 9
100 8
100 13
101 15
101 11
101 9
101 8
101 8
101 8
101 8
101 8
101 8
101 9
101 8
101 8
101 9
101 8
101 8
101 9
101 8
101 9
101 8
101 9
101 7
101 9
101 10
101 8
101 8
101 9
101 8
101 8
101 8
101 8
101 8
101 9
101 8
101 9
101 8
101 8
101 9
101 8
101 8
101 8
101 8
101 8
101 9
101 8
101 9
101 8
101 9
101 8
101 8
101 10
101 10
101 8
101 9
101 8
101 8
101 8
101 8
101 9
101 9
101 9
101 9
101 8
101 8
101 8
101 8
101 9
101 8
101 9
101 9
101 9
101 8
101 8
101 9
101 9
101 9
101 8
101 9
101 9
101 10
101 8
101 8
101 8
101 8
101 8
101 8
101 9
101 8
101 8
101 8
101 8
101 9
101 8
101 8
101 8
101 9
101 8
101 8
101 8
101 9
101 13
102 15
102 8
102 8
102 8
102 9
102 9
102 8
102 9
102 8
102 8
102 12
102 9
102 8
102 8
102 8
102 9
102 9
102 9
102 8
102 9
102 8
102 11
102 8
102 9
102 9
102 8
102 8
102 9
102 9
102 8
102 8
102 13
103 15
103 11
103 9
103 9
103 8
103 8
103 8
103 8
103 8
103 8
103 8
103 8
103 8
103 8
103 8
103 8
103 8
103 8
103 9
103 9
103 8
103 8
103 9
103 8
103 8
103 9
103 8
103 8
103 8
103 9
103 8
103 9
103 8
103 8
103 8
103 8
103 8
103 9
103 9
103 8
103 8
103 9
103 8
103 8
103 8
103 9
103 8
103 8
103 8
103 8
103 10
103 11
103 9
103 8
103 9
103 9
103 8
103 8
103 8
103 8
103 8
103 9
103 8
103 8
103 10
103 8
103 8
103 8
103 9
103 8
103 8
103 8
103 8
103 9
103 8
103 8
103 9
103 8
103 9
103 8
103 8
103 8
103 8
103 9
103 8
103 8
103 8
103 9
103 9
103 8
103 8
103 8
103 8
103 8
103 8
103 8
103 8
103 8
103 9
103 8
103 9
103 13
104 15
104 10
104 9
104 9
104 9
104 8
104 8
104 9
104 8
104 9
104 9
104 11
104 12
104 10
104 9
104 9
104 10
104 8
104 8
104 8
104 8
104 8
104 9
104 11
104 14
104 9
104 9
104 8
104 10
104 8
104 8
104 8
104 8
104 9
104 8
104 11
104 12
104 10
104 8
104 8
104 9
104 9
104 8
104 8
104 9
104 9
104 8
104 13
105 15
105 11
105 8
105 9
105 8
105 8
105 10
105 8
105 8
105 10
105 8
105 8
105 10
105 10
105 9
105 11
105 9
105 9
105 11
105 11
105 9
105 10
105 8
105 9
105 10
105 8
105 9
105 10
105 10
105 12
105 9
105 9
105 12
105 9
105 9
105 11
105 8
105 8
105 9
105 8
105 9
105 9
105 9
105 8
105 8
105 8
105 9
105 13
106 15
106 10
106 8
106 9
106 8
106 8
106 8
106 8
106 8
106 9
106 8
106 9
106 8
106 9
106 9
106 8
106 8
106 8
106 9
106 8
106 9
106 8
106 8
106 8
106 8
106 9
106 9
106 9
106 8
106 8
106 8
106 8
106 8
106 9
106 10
106 8
106 8
106 9
106 9
106 8
106 8
106 8
106 9
106 8
106 8
106 8
106 9
106 8
106 8
106 8
106 8
106 13
107 16
107 11
107 10
107 8
107 8
107 10
107 8
107 8
107 8
107 8
107 8
107 8
107 8
107 8
107 9
107 8
107 8
107 10
107 8
107 8
107 8
107 9
107 8
107 8
107 8
107 8
107 8
107 9
107 8
107 8
107 8
107 8
107 8
107 9
107 8
107 10
107 8
107 8
107 8
107 8
107 8
107 8
107 9
107 9
107 8
107 8
107 8
107 8
107 8
107 9
107 8
107 8
107 9
107 11
107 8
107 8
107 8
107 9
107 8
107 8
107 8
107 9
107 8
107 8
107 8
107 9
107 8
107 8
107 8
107 8
107 8
107 9
107 8
107 8
107 8
107 8
107 8
107 8
107 8
107 8
107 9
107 8
107 8
107 9
107 8
107 9
107 8
107 8
107 9
107 9
107 9
107 9
107 8
107 9
107 9
107 9
107 8
107 8
107 8
107 9
107 9
107 8
107 8
107 9
107 9
107 13
108 16
108 8
108 8
108 8
108 10
108 9
108 11
108 9
108 10
108 8
108 8
108 10
108 12
108 9
108 8
108 9
108 10
108 11
108 14
108 8
108 10
108 8
108 8
108 11
108 12
108 8
108 8
108 8
108 10
108 9
108 11
108 10
108 10
108 8
108 9
108 13
109 15
109 11
109 9
109 8
109 9
109 9
109 9
109 8
109 8
109 10
109 9
109 9
109 9
109 8
109 9
109 9
109 8
109 9
109 8
109 9
109 8
109 9
109 8
109 8
109 8
109 9
109 8
109 8
109 8
109 9
109 9
109 8
109 9
109 9
109 8
109 8
109 9
109 8
109 8
109 8
109 8
109 9
109 8
109 9
109 10
109 9
109 8
109 8
109 9
109 9
109 8
109 9
109 8
109 9
109 10
109 9
109 9
109 9
109 8
109 9
109 9
109 9
109 10
109 9
109 8
109 8
109 8
109 8
109 8
109 8
109 8
109 8
109 9
109 8
109 9
109 9
109 8
109 8
109 8
109 8
109 8
109 9
109 8
109 9
109 8
109 9
109 8
109 8
109 9
109 8
109 9
109 8
109 9
109 9
109 8
109 9
109 8
109 9
109 10
109 8
109 8
109 8
109 9
109 8
109 8
109 9
109 9
109 13
110 16
110 9
110 9
110 9
110 9
110 9
110 9
110 11
110 11
110 9
110 8
110 9
110 9
110 8
110 10
110 10
110 8
110 8
110 9
110 9
110 9
110 8
110 9
110 9
110 11
110 9
110 9
110 8
110 8
110 9
110 10
110 10
110 11
110 9
110 8
110 9
110 9
110 9
110 9
110 13
111 16
111 11
111 9
111 8
111 9
111 9
111 10
111 9
111 8
111 9
111 9
111 9
111 9
111 8
111 8
111 8
111 9
111 9
111 9
111 8
111 9
111 8
111 8
111 8
111 12
111 8
111 9
111 9
111 8
111 8
111 8
111 8
111 8
111 9
111 8
111 9
111 11
111 9
111 8
111 8
111 8
111 8
111 9
111 9
111 8
111 8
111 9
111 11
111 9
111 8
111 9
111 9
111 9
111 9
111 8
111 8
111 9
111 9
111 8
111 8
111 8
111 8
111 8
111 9
111 10
111 9
111 9
111 9
111 8
111 9
111 10
111 13
112 16
112 9
112 9
112 9
112 8
112 10
112 12
112 10
112 8
112 8
112 9
112 11
112 12
112 9
112 10
112 8
112 8
112 11
112 10
112 9
112 9
112 8
112 8
112 12
112 14
112 8
112 8
112 10
112 8
112 10
112 11
112 9
112 9
112 9
112 10
112 11
112 12
112 8
112 9
112 8
112 9
112 11
112 10
112 8
112 8
112 8
112 8
112 13
113 16
113 11
113 9
113 9
113 8
113 9
113 9
113 8
113 8
113 8
113 8
113 9
113 9
113 9
113 9
113 8
113 9
113 8
113 9
113 9
113 8
113 9
113 9
113 9
113 8
113 8
113 9
113 9
113 8
113 8
113 10
113 8
113 8
113 8
113 8
113 9
113 9
113 9
113 8
113 8
113 8
113 9
113 8
113 9
113 9
113 8
113 8
113 8
113 8
113 8
113 9
113 9
113 9
113 9
113 8
113 10
113 10
113 8
113 8
113 9
113 9
113 9
113 9
113 9
113 8
113 8
113 8
113 9
113 8
113 8
113 9
113 8
113 9
113 8
113 9
113 9
113 9
113 9
113 8
113 8
113 9
113 9
113 8
113 8
113 8
113 8
113 9
113 8
113 9
113 8
113 9
113 9
113 8
113 9
113 8
113 9
113 9
113 9
113 8
113 9
113 8
113 8
113 8
113 8
113 9
113 9
113 9
113 8
113 9
113 9
113 9
113 13
114 16
114 9
114 9
114 8
114 9
114 8
114 9
114 8
114 9
114 9
114 8
114 11
114 8
114 8
114 8
114 9
114 8
114 10
114 9
114 8
114 8
114 9
114 8
114 8
114 12
114 8
114 8
114 9
114 8
114 8
114 9
114 9
114 9
114 9
114 9
114 13
115 16
115 11
115 9
115 9
115 9
115 9
115 9
115 9
115 9
115 9
115 8
115 9
115 8
115 8
115 8
115 8
115 9
115 9
115 12
115 8
115 8
115 9
115 9
115 8
115 8
115 9
115 9
115 8
115 8
115 9
115 9
115 8
115 9
115 8
115 8
115 12
115 9
115 8
115 8
115 9
115 9
115 9
115 9
115 9
115 10
115 9
115 8
115 9
115 8
115 9
115 8
115 9
115 9
115 9
115 9
115 8
115 8
115 8
115 9
115 8
115 8
115 9
115 9
115 9
115 8
115 8
115 8
115 9
115 9
115 10
115 12
115 9
115 9
115 8
115 8
115 9
115 8
115 9
115 8
115 9
115 8
115 8
115 9
115 8
115 8
115 9
115 9
115 13
116 16
116 9
116 9
116 8
116 9
116 9
116 8
116 9
116 8
116 8
116 8
116 8
116 8
116 8
116 9
116 8
116 8
116 9
116 9
116 9
116 9
116 8
116 9
116 8
116 9
116 8
116 9
116 12
116 14
116 8
116 9
116 8
116 9
116 8
116 8
116 10
116 9
116 9
116 9
116 8
116 9
116 9
116 9
116 8
116 9
116 8
116 8
116 9
116 9
116 9
116 9
116 8
116 9
116 8
116 8
116 13
117 16
117 11
117 9
117 8
117 8
117 9
117 9
117 9
117 10
117 9
117 9
117 9
117 10
117 9
117 8
117 9
117 9
117 8
117 8
117 9
117 8
117 9
117 9
117 11
117 12
117 9
117 8
117 9
117 9
117 9
117 9
117 9
117 10
117 9
117 9
117 9
117 11
117 9
117 9
117 11
117 8
117 8
117 8
117 8
117 10
117 8
117 9
117 11
117 12
117 9
117 9
117 8
117 9
117 9
117 9
117 8
117 10
117 9
117 8
117 9
117 9
117 9
117 8
117 10
117 9
117 8
117 9
117 9
117 8
117 8
117 9
117 13
118 16
118 9
118 9
118 9
118 8
118 9
118 9
118 9
118 8
118 9
118 9
118 8
118 8
118 8
118 9
118 9
118 9
118 9
118 8
118 8
118 8
118 9
118 8
118 9
118 9
118 9
118 9
118 8
118 9
118 10
118 9
118 8
118 8
118 8
118 9
118 9
118 9
118 8
118 9
118 8
118 8
118 10
118 9
118 10
118 9
118 9
118 8
118 8
118 8
118 9
118 8
118 8
118 9
118 8
118 9
118 8
118 9
118 13
119 16
119 12
119 9
119 9
119 9
119 8
119 9
119 9
119 9
119 10
119 9
119 9
119 9
119 9
119 10
119 8
119 9
119 9
119 8
119 9
119 9
119 8
119 8
119 9
119 9
119 9
119 8
119 9
119 9
119 10
119 9
119 9
119 9
119 9
119 9
119 9
119 10
119 9
119 9
119 9
119 11
119 10
119 8
119 9
119 9
119 9
119 9
119 10
119 11
119 9
119 8
119 9
119 10
119 9
119 9
119 11
119 9
119 9
119 9
119 10
119 9
119 8
119 9
119 8
119 9
119 9
119 10
119 9
119 10
119 9
119 9
119 9
119 9
119 9
119 8
119 8
119 9
119 9
119 9
119 9
119 9
119 9
119 10
119 9
119 9
119 8
119 9
119 9
119 8
119 9
119 9
119 8
119 8
119 9
119 10
119 14
120 16
120 9
120 11
120 10
120 10
120 11
120 10
120 11
120 12
120 10
120 12
120 9
120 10
120 12
120 9
120 12
120 14
120 9
120 11
120 12
120 9
120 12
120 9
120 11
120 12
120 12
120 12
120 9
120 9
120 11
120 9
120 14
121 16
121 11
121 9
121 9
121 9
121 8
121 9
121 9
121 9
121 9
121 10
121 9
121 9
121 9
121 8
121 8
121 8
121 9
121 9
121 9
121 10
121 8
121 8
121 9
121 9
121 9
121 8
121 8
121 9
121 8
121 10
121 8
121 9
121 10
121 8
121 9
121 9
121 9
121 9
121 9
121 10
121 9
121 8
121 9
121 9
121 9
121 8
121 9
121 9
121 9
121 10
121 8
121 9
121 9
121 10
121 11
121 9
121 10
121 9
121 9
121 10
121 8
121 9
121 9
121 8
121 8
121 9
121 8
121 9
121 9
121 10
121 9
121 9
121 9
121 8
121 8
121 9
121 10
121 9
121 8
121 10
121 8
121 8
121 8
121 9
121 9
121 9
121 9
121 9
121 9
121 10
121 9
121 9
121 8
121 9
121 8
121 8
121 8
121 8
121 8
121 10
121 9
121 9
121 8
121 8
121 9
121 9
121 9
121 10
121 13
122 16
122 9
122 9
122 9
122 8
122 10
122 9
122 9
122 9
122 8
122 9
122 9
122 9
122 9
122 8
122 10
122 8
122 9
122 9
122 9
122 9
122 9
122 8
122 9
122 9
122 8
122 9
122 9
122 8
122 9
122 9
122 9
122 9
122 9
122 9
122 9
122 8
122 8
122 9
122 9
122 9
122 8
122 8
122 9
122 9
122 8
122 8
122 9
122 9
122 9
122 8
122 10
122 10
122 8
122 9
122 8
122 8
122 8
122 9
122 13
123 16
123 11
123 9
123 9
123 9
123 9
123 8
123 9
123 8
123 9
123 9
123 8
123 9
123 9
123 8
123 8
123 9
123 9
123 8
123 8
123 10
123 9
123 8
123 9
123 8
123 9
123 11
123 9
123 9
123 8
123 9
123 9
123 8
123 8
123 9
123 9
123 9
123 8
123 8
123 9
123 11
123 10
123 9
123 9
123 8
123 8
123 9
123 9
123 10
123 9
123 9
123 8
123 9
123 12
123 9
123 8
123 9
123 9
123 9
123 9
123 9
123 8
123 9
123 9
123 9
123 9
123 9
123 9
123 9
123 8
123 9
123 9
123 9
123 9
123 8
123 8
123 9
123 8
123 9
123 13
124 16
124 9
124 10
124 9
124 9
124 9
124 9
124 9
124 8
124 9
124 9
124 9
124 10
124 8
124 9
124 9
124 9
124 9
124 9
124 9
124 9
124 9
124 9
124 8
124 8
124 8
124 8
124 9
124 8
124 12
124 14
124 9
124 9
124 9
124 9
124 8
124 9
124 9
124 9
124 8
124 9
124 8
124 9
124 8
124 9
124 9
124 9
124 9
124 10
124 9
124 8
124 8
124 9
124 8
124 9
124 9
124 8
124 9
124 9
124 13
125 16
125 11
125 9
125 9
125 9
125 8
125 9
125 9
125 8
125 8
125 9
125 9
125 9
125 8
125 8
125 8
125 9
125 9
125 8
125 10
125 12
125 8
125 9
125 9
125 9
125 9
125 9
125 8
125 8
125 8
125 9
125 9
125 9
125 9
125 8
125 9
125 8
125 9
125 9
125 10
125 12
125 9
125 9
125 9
125 9
125 9
125 8
125 9
125 8
125 10
125 11
125 9
125 9
125 8
125 10
125 9
125 9
125 9
125 8
125 10
125 11
125 8
125 9
125 9
125 9
125 8
125 9
125 9
125 8
125 9
125 8
125 9
125 8
125 9
125 8
125 9
125 9
125 9
125 9
125 10
125 11
125 8
125 8
125 9
125 9
125 9
125 9
125 9
125 9
125 8
125 9
125 9
125 9
125 9
125 8
125 9
125 9
125 9
125 10
125 14
126 16
126 9
126 9
126 10
126 9
126 10
126 8
126 9
126 10
126 9
126 10
126 11
126 12
126 9
126 10
126 12
126 9
126 9
126 10
126 10
126 11
126 11
126 10
126 12
126 12
126 9
126 10
126 10
126 9
126 9
126 9
126 10
126 10
126 9
126 9
126 14
127 16
127 11
127 9
127 10
127 9
127 9
127 8
127 11
127 9
127 9
127 9
127 8
127 8
127 8
127 9
127 11
127 9
127 8
127 10
127 9
127 8
127 9
127 9
127 9
127 9
127 8
127 8
127 9
127 9
127 8
127 10
127 10
127 9
127 9
127 9
127 8
127 9
127 8
127 9
127 8
127 9
127 9
127 9
127 8
127 8
127 9
127 10
127 8
127 9
127 8
127 9
127 8
127 8
127 8
127 8
127 8
127 8
127 9
127 9
127 9
127 9
127 9
127 10
127 11
127 9
127 8
127 9
127 8
127 9
127 8
127 8
127 9
127 8
127 8
127 9
127 9
127 9
127 9
127 9
127 9
127 9
127 9
127 8
127 9
127 9
127 8
127 9
127 9
127 9
127 8
127 9
127 9
127 9
127 9
127 9
127 8
127 8
127 9
127 8
127 9
127 9
127 9
127 8
127 9
127 9
127 9
127 9
127 9
127 9
127 9
127 10
127 10
127 8
127 9
127 9
127 8
127 8
127 8
127 10
127 9
127 8
127 9
127 9
127 9
127 10
127 14
128 16
128 9
128 9
128 9
128 9
128 8
128 9
128 10
128 10
128 9
128 8
128 9
128 9
128 9
128 8
128 11
128 13
128 8
128 9
128 9
128 9
128 9
128 9
128 9
128 10
128 9
128 9
128 8
128 9
128 8
128 8
128 12
128 14
128 9
128 9
128 9
128 9
128 9
128 9
128 10
128 10
128 9
128 9
128 9
128 9
128 8
128 9
128 11
128 12
128 9
128 8
128 9
128 9
128 9
128 9
128 9
128 10
128 8
128 8
128 8
128 9
128 9
128 9
128 14
129 16
129 11
129 10
129 9
129 8
129 9
129 9
129 9
129 9
129 8
129 9
129 9
129 8
129 9
129 9
129 9
129 8
129 9
129 9
129 9
129 8
129 9
129 8
129 9
129 8
129 9
129 9
129 9
129 13
129 9
129 10
129 10
129 9
129 9
129 8
129 9
129 8
129 8
129 8
129 9
129 9
129 10
129 11
129 9
129 9
129 9
129 9
129 9
129 9
129 9
129 9
129 10
129 9
129 8
129 8
129 12
129 9
129 9
129 8
129 9
129 9
129 8
129 9
129 9
129 9
129 8
129 9
129 8
129 9
129 9
129 8
129 8
129 8
129 9
129 9
129 8
129 8
129 8
129 9
129 9
129 9
129 9
129 10
129 14
130 16
130 9
130 9
130 9
130 10
130 9
130 9
130 9
130 9
130 12
130 9
130 10
130 10
130 8
130 10
130 9
130 9
130 9
130 11
130 12
130 9
130 9
130 10
130 9
130 10
130 9
130 10
130 9
130 10
130 12
130 10
130 9
130 9
130 9
130 9
130 10
130 9
130 9
130 10
130 9
130 9
130 9
130 9
130 9
130 9
130 8
130 9
130 13
131 16
131 11
131 10
131 9
131 9
131 9
131 8
131 9
131 9
131 9
131 10
131 9
131 9
131 8
131 8
131 9
131 10
131 8
131 8
131 9
131 9
131 9
131 9
131 9
131 9
131 9
131 8
131 9
131 9
131 9
131 9
131 9
131 9
131 9
131 8
131 8
131 9
131 9
131 9
131 8
131 9
131 8
131 9
131 9
131 9
131 10
131 9
131 8
131 9
131 9
131 8
131 8
131 8
131 9
131 9
131 8
131 8
131 9
131 9
131 9
131 9
131 8
131 8
131 8
131 10
131 11
131 10
131 9
131 9
131 9
131 9
131 9
131 9
131 8
131 8
131 9
131 8
131 9
131 10
131 9
131 9
131 9
131 9
131 10
131 8
131 9
131 9
131 9
131 8
131 9
131 9
131 9
131 10
131 10
131 9
131 9
131 8
131 9
131 9
131 9
131 9
131 8
131 8
131 8
131 9
131 9
131 9
131 9
131 8
131 8
131 9
131 8
131 10
131 8
131 9
131 9
131 9
131 8
131 9
131 9
131 8
131 9
131 9
131 9
131 9
131 9
131 9
131 9
131 10
131 14
132 16
132 8
132 9
132 10
132 9
132 9
132 11
132 10
132 9
132 9
132 9
132 10
132 9
132 12
132 9
132 10
132 9
132 9
132 9
132 12
132 14
132 9
132 9
132 9
132 10
132 10
132 13
132 9
132 9
132 10
132 9
132 9
132 9
132 11
132 8
132 10
132 9
132 9
132 9
132 14
133 16
133 11
133 9
133 9
133 8
133 9
133 9
133 8
133 9
133 10
133 9
133 9
133 9
133 8
133 8
133 10
133 12
133 9
133 9
133 8
133 8
133 9
133 9
133 10
133 10
133 9
133 8
133 9
133 9
133 9
133 9
133 10
133 9
133 9
133 9
133 9
133 9
133 9
133 8
133 9
133 9
133 8
133 9
133 9
133 9
133 9
133 11
133 8
133 8
133 8
133 9
133 9
133 9
133 10
133 11
133 9
133 9
133 9
133 9
133 9
133 9
133 9
133 9
133 8
133 9
133 8
133 9
133 9
133 9
133 9
133 8
133 9
133 10
133 9
133 9
133 9
133 9
133 10
133 9
133 8
133 9
133 8
133 10
133 9
133 9
133 9
133 9
133 9
133 8
133 9
133 9
133 11
133 11
133 8
133 9
133 8
133 9
133 10
133 9
133 9
133 9
133 9
133 9
133 9
133 9
133 9
133 9
133 14
134 16
134 10
134 9
134 9
134 9
134 9
134 8
134 9
134 9
134 9
134 9
134 9
134 9
134 9
134 10
134 8
134 9
134 9
134 10
134 9
134 9
134 9
134 10
134 9
134 9
134 8
134 9
134 9
134 8
134 8
134 9
134 9
134 9
134 10
134 8
134 9
134 8
134 9
134 8
134 8
134 9
134 9
134 8
134 9
134 9
134 9
134 9
134 9
134 9
134 10
134 9
134 9
134 9
134 9
134 9
134 9
134 9
134 9
134 9
134 9
134 9
134 9
134 8
134 8
134 9
134 14
135 16
135 12
135 9
135 9
135 9
135 8
135 9
135 9
135 10
135 9
135 9
135 9
135 10
135 11
135 12
135 9
135 11
135 8
135 9
135 10
135 9
135 9
135 9
135 11
135 13
135 10
135 9
135 9
135 10
135 9
135 8
135 9
135 10
135 9
135 9
135 10
135 11
135 9
135 9
135 9
135 11
135 9
135 9
135 12
135 9
135 8
135 9
135 12
135 13
135 10
135 9
135 9
135 9
135 9
135 9
135 9
135 10
135 10
135 12
135 9
135 9
135 9
135 10
135 9
135 11
135 9
135 9
135 10
135 9
135 9
135 10
135 14
136 16
136 9
136 9
136 9
136 9
136 8
136 9
136 9
136 9
136 9
136 9
136 10
136 8
136 8
136 9
136 11
136 13
136 9
136 9
136 9
136 9
136 9
136 9
136 9
136 9
136 9
136 9
136 9
136 9
136 9
136 9
136 12
136 14
136 9
136 9
136 9
136 8
136 8
136 9
136 9
136 9
136 9
136 9
136 9
136 8
136 9
136 9
136 11
136 13
136 9
136 9
136 8
136 9
136 9
136 9
136 9
136 9
136 9
136 9
136 9
136 9
136 9
136 9
136 14
137 16
137 11
137 9
137 9
137 9
137 9
137 9
137 9
137 9
137 8
137 9
137 9
137 9
137 9
137 9
137 9
137 8
137 9
137 8
137 9
137 9
137 9
137 9
137 9
137 9
137 8
137 9
137 9
137 9
137 9
137 10
137 9
137 9
137 9
137 9
137 8
137 9
137 8
137 8
137 8
137 9
137 9
137 9
137 8
137 9
137 9
137 8
137 8
137 8
137 8
137 9
137 9
137 9
137 9
137 9
137 9
137 9
137 8
137 9
137 9
137 8
137 9
137 8
137 9
137 9
137 8
137 9
137 10
137 11
137 9
137 9
137 9
137 9
137 9
137 9
137 9
137 8
137 9
137 9
137 9
137 9
137 9
137 9
137 10
137 9
137 9
137 9
137 8
137 9
137 9
137 9
137 9
137 9
137 9
137 9
137 9
137 9
137 9
137 8
137 9
137 9
137 9
137 9
137 8
137 9
137 10
137 9
137 8
137 9
137 9
137 9
137 9
137 9
137 9
137 8
137 9
137 9
137 9
137 9
137 9
137 8
137 9
137 9
137 9
137 9
137 9
137 9
137 9
137 9
137 9
137 8
137 9
137 9
137 9
137 10
137 14
138 16
138 9
138 9
138 9
138 9
138 9
138 8
138 9
138 9
138 9
138 10
138 9
138 9
138 9
138 14
138 9
138 8
138 9
138 9
138 8
138 9
138 9
138 10
138 9
138 9
138 9
138 9
138 9
138 9
138 12
138 9
138 9
138 9
138 9
138 9
138 9
138 9
138 9
138 9
138 9
138 10
138 9
138 9
138 14
139 16
139 11
139 9
139 9
139 8
139 9
139 9
139 9
139 9
139 9
139 9
139 9
139 9
139 9
139 9
139 8
139 9
139 9
139 8
139 9
139 9
139 9
139 9
139 9
139 9
139 8
139 8
139 9
139 10
139 9
139 9
139 9
139 9
139 9
139 9
139 9
139 8
139 9
139 9
139 9
139 9
139 10
139 9
139 8
139 9
139 9
139 9
139 8
139 8
139 9
139 9
139 9
139 9
139 8
139 9
139 9
139 9
139 9
139 9
139 9
139 8
139 9
139 9
139 10
139 9
139 9
139 9
139 9
139 10
139 11
139 9
139 8
139 9
139 8
139 10
139 10
139 9
139 9
139 9
139 9
139 9
139 8
139 9
139 9
139 8
139 9
139 9
139 9
139 8
139 8
139 9
139 9
139 9
139 9
139 8
139 10
139 9
139 8
139 9
139 9
139 9
139 9
139 9
139 9
139 8
139 9
139 9
139 9
139 9
139 8
139 9
139 8
139 8
139 9
139 8
139 9
139 8
139 9
139 9
139 9
139 9
139 9
139 8
139 8
139 9
139 9
139 9
139 9
139 9
139 8
139 9
139 9
139 8
139 9
139 9
139 9
139 10
139 14
140 16
140 9
140 8
140 10
140 9
140 9
140 10
140 9
140 10
140 12
140 10
140 9
140 9
140 9
140 12
140 10
140 9
140 10
140 9
140 12
140 10
140 10
140 9
140 12
140 14
140 9
140 9
140 10
140 10
140 9
140 8
140 9
140 9
140 11
140 11
140 9
140 9
140 8
140 12
140 12
140 9
140 11
140 9
140 10
140 8
140 9
140 9
140 14
141 16
141 12
141 9
141 9
141 9
141 9
141 9
141 8
141 8
141 9
141 9
141 9
141 8
141 9
141 9
141 9
141 9
141 8
141 9
141 9
141 9
141 9
141 9
141 9
141 9
141 9
141 9
141 9
141 9
141 9
141 12
141 11
141 9
141 9
141 8
141 9
141 9
141 9
141 10
141 9
141 9
141 9
141 9
141 9
141 9
141 10
141 11
141 9
141 9
141 9
141 9
141 9
141 9
141 9
141 9
141 9
141 9
141 8
141 8
141 9
141 9
141 14
141 9
141 10
141 9
141 9
141 8
141 9
141 9
141 9
141 9
141 9
141 9
141 9
141 8
141 9
141 10
141 9
141 9
141 9
141 8
141 9
141 9
141 9
141 9
141 9
141 8
141 9
141 8
141 8
141 10
141 14
142 16
142 10
142 9
142 9
142 9
142 9
142 9
142 9
142 8
142 9
142 9
142 8
142 9
142 9
142 10
142 9
142 9
142 10
142 9
142 9
142 9
142 9
142 9
142 9
142 9
142 10
142 9
142 9
142 9
142 9
142 9
142 9
142 9
142 9
142 10
142 10
142 9
142 11
142 9
142 9
142 11
142 9
142 9
142 9
142 9
142 8
142 9
142 9
142 9
142 9
142 9
142 9
142 10
142 9
142 9
142 8
142 9
142 8
142 9
142 8
142 8
142 9
142 9
142 10
142 9
142 9
142 9
142 9
142 9
142 14
143 16
143 12
143 10
143 10
143 9
143 10
143 9
143 9
143 9
143 9
143 12
143 10
143 9
143 9
143 10
143 9
143 9
143 9
143 9
143 10
143 10
143 9
143 10
143 9
143 9
143 10
143 9
143 9
143 10
143 9
143 10
143 9
143 9
143 10
143 9
143 9
143 9
143 10
143 9
143 9
143 10
143 9
143 8
143 9
143 10
143 9
143 9
143 9
143 9
143 8
143 9
143 9
143 9
143 9
143 9
143 10
143 9
143 9
143 9
143 10
143 11
143 9
143 8
143 9
143 9
143 10
143 9
143 9
143 10
143 9
143 9
143 9
143 9
143 9
143 10
143 9
143 10
143 9
143 9
143 9
143 9
143 9
143 9
143 10
143 9
143 9
143 9
143 10
143 9
143 9
143 9
143 9
143 9
143 9
143 9
143 9
143 9
143 9
143 10
143 9
143 10
143 10
143 9
143 9
143 8
143 9
143 9
143 9
143 9
143 11
143 10
143 9
143 9
143 9
143 9
143 9
143 9
143 9
143 10
143 14
144 16
144 10
144 10
144 9
144 10
144 12
144 11
144 11
144 12
144 10
144 10
144 12
144 13
144 10
144 9
144 12
144 14
144 10
144 11
144 9
144 10
144 10
144 9
144 12
144 14
144 10
144 9
144 9
144 10
144 11
144 11
144 12
144 14
144 10
144 10
144 11
144 13
144 10
144 9
144 11
144 12
144 10
144 12
144 9
144 10
144 10
144 9
144 15
145 16
145 11
145 9
145 9
145 9
145 9
145 9
145 9
145 9
145 10
145 9
145 9
145 9
145 9
145 9
145 8
145 9
145 9
145 9
145 9
145 9
145 9
145 10
145 9
145 9
145 9
145 9
145 9
145 9
145 9
145 9
145 9
145 9
145 9
145 9
145 9
145 9
145 9
145 9
145 9
145 10
145 10
145 9
145 9
145 10
145 12
145 9
145 9
145 9
145 9
145 9
145 8
145 9
145 9
145 9
145 10
145 10
145 9
145 9
145 9
145 9
145 9
145 10
145 9
145 9
145 9
145 11
145 12
145 9
145 9
145 9
145 10
145 9
145 8
145 9
145 9
145 9
145 9
145 10
145 9
145 9
145 9
145 9
145 9
145 10
145 9
145 9
145 9
145 9
145 12
145 9
145 9
145 9
145 9
145 9
145 9
145 9
145 9
145 9
145 9
145 10
145 9
145 10
145 9
145 9
145 9
145 9
145 10
145 9
145 9
145 10
145 14
146 16
146 10
146 9
146 10
146 9
146 9
146 9
146 9
146 9
146 9
146 10
146 9
146 9
146 9
146 9
146 9
146 9
146 9
146 10
146 9
146 10
146 9
146 9
146 9
146 9
146 8
146 9
146 9
146 9
146 9
146 9
146 9
146 9
146 9
146 9
146 9
146 9
146 9
146 9
146 10
146 8
146 9
146 9
146 9
146 9
146 9
146 9
146 9
146 10
146 9
146 9
146 9
146 9
146 10
146 9
146 9
146 9
146 9
146 10
146 9
146 8
146 9
146 9
146 9
146 8
146 9
146 8
146 10
146 9
146 9
146 9
146 14
147 16
147 11
147 9
147 9
147 9
147 9
147 9
147 9
147 9
147 9
147 8
147 10
147 10
147 8
147 9
147 9
147 9
147 8
147 9
147 9
147 9
147 9
147 8
147 10
147 10
147 9
147 9
147 9
147 14
147 9
147 9
147 9
147 9
147 9
147 9
147 10
147 10
147 8
147 10
147 9
147 9
147 10
147 11
147 9
147 10
147 9
147 9
147 10
147 10
147 8
147 9
147 8
147 9
147 9
147 9
147 12
147 9
147 9
147 9
147 10
147 10
147 9
147 9
147 9
147 9
147 9
147 9
147 9
147 9
147 9
147 9
147 10
147 10
147 9
147 9
147 9
147 9
147 9
147 9
147 9
147 8
147 9
147 10
147 14
148 16
148 9
148 10
148 9
148 8
148 9
148 9
148 9
148 9
148 9
148 9
148 9
148 9
148 9
148 8
148 9
148 8
148 9
148 9
148 9
148 9
148 9
148 9
148 9
148 9
148 9
148 8
148 9
148 9
148 8
148 9
148 9
148 9
148 9
148 9
148 12
148 14
148 10
148 10
148 9
148 9
148 9
148 9
148 9
148 9
148 9
148 9
148 8
148 10
148 9
148 9
148 9
148 9
148 9
148 9
148 9
148 9
148 9
148 9
148 9
148 9
148 9
148 9
148 8
148 9
148 9
148 10
148 9
148 9
148 8
148 9
148 14
149 16
149 11
149 9
149 9
149 10
149 9
149 9
149 9
149 9
149 9
149 9
149 9
149 9
149 9
149 9
149 8
149 9
149 9
149 9
149 10
149 9
149 8
149 9
149 9
149 10
149 9
149 9
149 8
149 9
149 10
149 9
149 9
149 9
149 9
149 9
149 9
149 9
149 9
149 8
149 10
149 10
149 9
149 9
149 9
149 9
149 9
149 9
149 9
149 9
149 9
149 9
149 9
149 9
149 9
149 9
149 9
149 9
149 9
149 9
149 9
149 8
149 9
149 9
149 9
149 8
149 9
149 8
149 8
149 9
149 9
149 9
149 9
149 9
149 10
149 11
149 9
149 9
149 9
149 8
149 9
149 9
149 9
149 9
149 9
149 9
149 9
149 9
149 9
149 9
149 9
149 9
149 9
149 9
149 9
149 9
149 9
149 9
149 9
149 9
149 9
149 9
149 9
149 9
149 9
149 9
149 8
149 9
149 10
149 10
149 9
149 9
149 9
149 9
149 9
149 8
149 9
149 8
149 9
149 9
149 9
149 9
149 9
149 9
149 8
149 9
149 9
149 8
149 9
149 9
149 9
149 9
149 9
149 9
149 9
149 9
149 9
149 9
149 9
149 9
149 9
149 9
149 9
149 9
149 9
149 9
149 9
149 10
149 14
150 16
150 9
150 10
150 9
150 9
150 10
150 9
150 11
150 12
150 10
150 10
150 9
150 9
150 12
150 9
150 11
150 12
150 9
150 10
150 10
150 10
150 9
150 9
150 11
150 12
150 9
150 14
150 9
150 10
150 9
150 10
150 11
150 12
150 9
150 10
150 9
150 9
150 9
150 10
150 14
151 16
151 12
151 10
151 9
151 9
151 9
151 9
151 9
151 9
151 8
151 9
151 9
151 9
151 8
151 9
151 9
151 9
151 9
151 9
151 8
151 9
151 9
151 10
151 9
151 9
151 9
151 10
151 10
151 9
151 9
151 8
151 10
151 9
151 9
151 9
151 9
151 9
151 9
151 9
151 9
151 9
151 9
151 9
151 9
151 9
151 10
151 10
151 8
151 9
151 9
151 9
151 9
151 9
151 9
151 9
151 9
151 9
151 9
151 9
151 9
151 9
151 9
151 9
151 9
151 9
151 9
151 9
151 8
151 9
151 9
151 9
151 9
151 9
151 9
151 10
151 12
151 9
151 9
151 9
151 9
151 9
151 9
151 9
151 9
151 9
151 9
151 9
151 9
151 8
151 9
151 9
151 9
151 9
151 9
151 8
151 9
151 10
151 9
151 9
151 9
151 10
151 9
151 9
151 9
151 10
151 9
151 9
151 9
151 9
151 9
151 9
151 9
151 9
151 9
151 9
151 9
151 9
151 10
151 9
151 9
151 9
151 9
151 10
151 11
151 9
151 9
151 9
151 10
151 9
151 9
151 10
151 9
151 9
151 8
151 9
151 9
151 10
151 9
151 9
151 9
151 9
151 9
151 9
151 9
151 9
151 9
151 9
151 9
151 10
151 14
152 16
152 10
152 9
152 9
152 10
152 8
152 9
152 9
152 10
152 9
152 9
152 10
152 9
152 9
152 9
152 9
152 9
152 11
152 13
152 9
152 9
152 10
152 9
152 9
152 10
152 9
152 8
152 8
152 9
152 8
152 9
152 9
152 9
152 9
152 10
152 13
152 14
152 10
152 9
152 10
152 9
152 9
152 9
152 9
152 9
152 9
152 9
152 9
152 9
152 10
152 9
152 9
152 9
152 12
152 13
152 9
152 9
152 10
152 9
152 9
152 10
152 9
152 8
152 9
152 9
152 9
152 10
152 9
152 9
152 9
152 9
152 14
153 16
153 11
153 9
153 9
153 9
153 9
153 10
153 9
153 9
153 9
153 10
153 9
153 9
153 9
153 9
153 9
153 10
153 9
153 9
153 9
153 9
153 11
153 9
153 9
153 9
153 9
153 9
153 9
153 9
153 10
153 9
153 11
153 14
153 10
153 9
153 9
153 9
153 9
153 9
153 9
153 10
153 10
153 10
153 9
153 9
153 9
153 9
153 10
153 11
153 9
153 9
153 9
153 9
153 11
153 9
153 9
153 9
153 9
153 9
153 9
153 9
153 9
153 9
153 12
153 14
153 10
153 9
153 9
153 9
153 9
153 9
153 9
153 9
153 9
153 11
153 9
153 9
153 9
153 9
153 10
153 10
153 9
153 9
153 9
153 9
153 11
153 9
153 9
153 9
153 9
153 9
153 9
153 9
153 9
153 10
153 15
154 16
154 10
154 9
154 9
154 9
154 10
154 9
154 9
154 12
154 9
154 10
154 10
154 9
154 9
154 10
154 9
154 12
154 11
154 9
154 10
154 9
154 10
154 9
154 9
154 10
154 12
154 9
154 10
154 9
154 10
154 10
154 9
154 10
154 10
154 10
154 11
154 9
154 9
154 9
154 9
154 10
154 9
154 10
154 12
154 10
154 10
154 9
154 9
154 9
154 10
154 9
154 10
154 9
154 9
154 9
154 10
154 9
154 9
154 9
154 14
155 16
155 12
155 10
155 10
155 9
155 9
155 10
155 9
155 9
155 10
155 11
155 9
155 10
155 9
155 9
155 9
155 9
155 9
155 9
155 9
155 10
155 8
155 9
155 9
155 12
155 9
155 9
155 10
155 9
155 9
155 10
155 9
155 9
155 9
155 9
155 9
155 10
155 8
155 9
155 9
155 10
155 9
155 9
155 10
155 9
155 9
155 9
155 12
155 12
155 10
155 10
155 9
155 8
155 9
155 9
155 8
155 9
155 9
155 9
155 10
155 11
155 10
155 9
155 9
155 9
155 9
155 9
155 8
155 9
155 9
155 10
155 10
155 12
155 9
155 9
155 9
155 8
155 10
155 9
155 9
155 10
155 9
155 10
155 9
155 10
155 9
155 9
155 9
155 9
155 9
155 9
155 8
155 9
155 9
155 9
155 10
155 9
155 9
155 9
155 9
155 9
155 10
155 9
155 9
155 9
155 9
155 9
155 9
155 9
155 10
155 10
155 9
155 9
155 9
155 9
155 9
155 9
155 9
155 10
155 14
156 16
156 10
156 9
156 9
156 9
156 9
156 9
156 11
156 9
156 10
156 9
156 10
156 9
156 9
156 9
156 10
156 14
156 9
156 10
156 10
156 9
156 9
156 10
156 13
156 14
156 10
156 9
156 9
156 9
156 10
156 9
156 12
156 10
156 10
156 10
156 9
156 10
156 9
156 10
156 9
156 12
156 11
156 10
156 10
156 10
156 9
156 10
156 14
157 16
157 11
157 10
157 9
157 9
157 9
157 9
157 9
157 9
157 9
157 9
157 10
157 10
157 9
157 8
157 9
157 9
157 9
157 9
157 9
157 8
157 9
157 9
157 9
157 9
157 9
157 9
157 10
157 9
157 9
157 8
157 9
157 9
157 9
157 9
157 9
157 9
157 9
157 9
157 9
157 9
157 9
157 9
157 9
157 8
157 9
157 9
157 9
157 9
157 9
157 9
157 9
157 9
157 9
157 9
157 9
157 9
157 9
157 9
157 9
157 9
157 10
157 9
157 9
157 9
157 9
157 9
157 9
157 9
157 9
157 9
157 9
157 9
157 9
157 9
157 9
157 9
157 10
157 12
157 9
157 9
157 9
157 8
157 9
157 9
157 9
157 9
157 9
157 9
157 9
157 9
157 9
157 9
157 9
157 9
157 9
157 9
157 9
157 9
157 9
157 9
157 9
157 9
157 9
157 9
157 9
157 9
157 9
157 9
157 9
157 9
157 9
157 9
157 9
157 9
157 10
157 9
157 9
157 8
157 9
157 9
157 9
157 9
157 9
157 9
157 9
157 9
157 9
157 9
157 9
157 9
157 9
157 9
157 9
157 9
157 9
157 9
157 9
157 9
157 9
157 9
157 11
157 9
157 10
157 9
157 9
157 9
157 9
157 8
157 9
157 9
157 9
157 9
157 9
157 10
157 14
158 16
158 10
158 9
158 8
158 10
158 9
158 9
158 9
158 9
158 9
158 9
158 10
158 9
158 9
158 10
158 9
158 9
158 9
158 9
158 10
158 9
158 9
158 9
158 8
158 9
158 9
158 10
158 10
158 9
158 9
158 9
158 9
158 9
158 9
158 9
158 10
158 9
158 9
158 9
158 10
158 9
158 9
158 9
158 9
158 9
158 9
158 9
158 9
158 9
158 9
158 9
158 9
158 9
158 10
158 8
158 9
158 9
158 9
158 10
158 9
158 10
158 9
158 9
158 10
158 9
158 9
158 9
158 9
158 9
158 9
158 9
158 9
158 8
158 9
158 9
158 9
158 9
158 15
159 16
159 12
159 10
159 9
159 9
159 9
159 9
159 10
159 9
159 9
159 9
159 10
159 9
159 9
159 9
159 9
159 9
159 9
159 9
159 9
159 9
159 9
159 9
159 9
159 9
159 9
159 10
159 9
159 9
159 9
159 9
159 9
159 9
159 9
159 12
159 10
159 10
159 9
159 9
159 9
159 9
159 9
159 9
159 9
159 9
159 9
159 9
159 9
159 10
159 10
159 9
159 10
159 12
159 9
159 10
159 8
159 9
159 9
159 9
159 9
159 9
159 9
159 9
159 9
159 9
159 9
159 10
159 9
159 9
159 14
159 10
159 9
159 9
159 9
159 9
159 9
159 9
159 9
159 9
159 9
159 10
159 9
159 9
159 9
159 9
159 9
159 10
159 9
159 10
159 9
159 9
159 9
159 9
159 9
159 9
159 9
159 9
159 9
159 9
159 9
159 9
159 9
159 10
159 14
160 16
160 10
160 9
160 11
160 10
160 9
160 10
160 11
160 11
160 10
160 10
160 9
160 12
160 12
160 9
160 12
160 13
160 9
160 10
160 12
160 10
160 10
160 10
160 10
160 11
160 11
160 9
160 9
160 10
160 10
160 10
160 13
160 15
160 10
160 9
160 11
160 10
160 9
160 12
160 10
160 11
160 9
160 10
160 9
160 12
160 11
160 9
160 12
160 13
160 9
160 11
160 12
160 10
160 9
160 10
160 11
160 11
160 10
160 10
160 9
160 10
160 10
160 9
160 15
161 16
161 12
161 11
161 9
161 9
161 9
161 9
161 11
161 9
161 10
161 9
161 9
161 9
161 9
161 9
161 10
161 10
161 9
161 11
161 12
161 9
161 9
161 9
161 9
161 9
161 9
161 9
161 9
161 9
161 10
161 10
161 9
161 9
161 9
161 9
161 9
161 10
161 10
161 12
161 9
161 9
161 9
161 9
161 9
161 10
161 9
161 9
161 9
161 9
161 9
161 9
161 9
161 9
161 9
161 9
161 8
161 10
161 9
161 9
161 9
161 10
161 9
161 9
161 9
161 9
161 10
161 11
161 9
161 9
161 9
161 9
161 10
161 9
161 9
161 9
161 12
161 9
161 9
161 9
161 9
161 9
161 9
161 9
161 9
161 9
161 10
161 10
161 9
161 9
161 9
161 9
161 9
161 9
161 10
161 12
161 9
161 9
161 9
161 9
161 9
161 10
161 10
161 9
161 10
161 9
161 9
161 9
161 9
161 9
161 9
161 9
161 9
161 10
161 12
161 9
161 10
161 10
161 9
161 9
161 9
161 9
161 9
161 10
161 9
161 10
161 9
161 9
161 9
161 9
161 9
161 10
161 15
162 16
162 9
162 9
162 9
162 10
162 10
162 11
162 8
162 9
162 9
162 9
162 9
162 11
162 10
162 9
162 9
162 9
162 12
162 14
162 9
162 9
162 9
162 9
162 9
162 11
162 9
162 10
162 10
162 9
162 10
162 11
162 9
162 9
162 9
162 9
162 12
162 14
162 9
162 9
162 9
162 10
162 10
162 11
162 9
162 9
162 9
162 9
162 10
162 10
162 9
162 9
162 9
162 9
162 15
163 16
163 12
163 10
163 9
163 9
163 9
163 9
163 9
163 9
163 9
163 9
163 9
163 9
163 9
163 9
163 9
163 9
163 10
163 9
163 9
163 9
163 9
163 9
163 9
163 9
163 9
163 8
163 9
163 9
163 9
163 9
163 9
163 9
163 9
163 10
163 9
163 9
163 9
163 9
163 9
163 9
163 9
163 9
163 9
163 9
163 9
163 9
163 9
163 9
163 9
163 9
163 9
163 9
163 9
163 10
163 9
163 9
163 11
163 9
163 9
163 9
163 9
163 9
163 9
163 9
163 9
163 9
163 9
163 9
163 9
163 9
163 9
163 9
163 9
163 9
163 9
163 9
163 9
163 9
163 9
163 10
163 11
163 10
163 9
163 9
163 9
163 8
163 10
163 9
163 9
163 9
163 8
163 9
163 9
163 9
163 9
163 9
163 9
163 9
163 9
163 9
163 10
163 9
163 11
163 9
163 9
163 9
163 9
163 9
163 9
163 9
163 9
163 9
163 9
163 9
163 9
163 9
163 9
163 9
163 9
163 9
163 9
163 9
163 9
163 9
163 9
163 9
163 9
163 9
163 9
163 9
163 9
163 9
163 9
163 9
163 9
163 9
163 9
163 9
163 9
163 9
163 9
163 9
163 9
163 9
163 8
163 9
163 9
163 9
163 10
163 9
163 9
163 9
163 9
163 9
163 9
163 9
163 9
163 9
163 9
163 10
163 15
164 16
164 10
164 9
164 9
164 9
164 9
164 9
164 9
164 9
164 9
164 9
164 9
164 9
164 10
164 9
164 9
164 9
164 10
164 9
164 9
164 9
164 9
164 9
164 9
164 9
164 9
164 9
164 10
164 9
164 10
164 9
164 9
164 9
164 9
164 9
164 9
164 9
164 10
164 9
164 13
164 15
164 9
164 9
164 9
164 9
164 9
164 9
164 9
164 9
164 9
164 10
164 9
164 9
164 10
164 9
164 9
164 8
164 9
164 9
164 9
164 9
164 9
164 9
164 9
164 10
164 9
164 9
164 9
164 10
164 9
164 9
164 9
164 9
164 9
164 9
164 9
164 9
164 9
164 10
164 15
165 16
165 12
165 9
165 9
165 9
165 9
165 10
165 10
165 9
165 9
165 10
165 9
165 10
165 10
165 10
165 11
165 12
165 9
165 9
165 9
165 9
165 10
165 9
165 9
165 9
165 9
165 14
165 9
165 9
165 10
165 9
165 9
165 12
165 9
165 9
165 9
165 10
165 12
165 9
165 10
165 11
165 9
165 11
165 10
165 9
165 9
165 9
165 10
165 9
165 9
165 9
165 10
165 10
165 12
165 10
165 9
165 9
165 9
165 10
165 10
165 10
165 9
165 10
165 12
165 12
165 9
165 10
165 9
165 9
165 9
165 9
165 9
165 10
165 10
165 9
165 9
165 9
165 9
165 10
165 14
166 16
166 10
166 9
166 9
166 9
166 10
166 10
166 9
166 9
166 9
166 10
166 9
166 9
166 9
166 9
166 9
166 9
166 9
166 9
166 9
166 10
166 9
166 9
166 9
166 10
166 9
166 9
166 9
166 9
166 9
166 9
166 9
166 9
166 9
166 9
166 9
166 9
166 9
166 9
166 9
166 10
166 10
166 10
166 10
166 9
166 9
166 9
166 10
166 9
166 9
166 9
166 9
166 9
166 9
166 10
166 9
166 9
166 9
166 9
166 9
166 9
166 10
166 9
166 9
166 10
166 9
166 9
166 9
166 9
166 9
166 9
166 9
166 10
166 10
166 9
166 9
166 9
166 10
166 9
166 9
166 10
166 15
167 17
167 12
167 10
167 10
167 9
167 9
167 10
167 9
167 9
167 9
167 9
167 10
167 11
167 11
167 9
167 9
167 9
167 9
167 9
167 9
167 10
167 9
167 9
167 10
167 9
167 9
167 10
167 9
167 10
167 9
167 9
167 9
167 9
167 9
167 9
167 9
167 9
167 9
167 9
167 9
167 9
167 10
167 9
167 9
167 9
167 9
167 9
167 9
167 9
167 9
167 9
167 10
167 10
167 9
167 9
167 10
167 9
167 9
167 9
167 9
167 9
167 10
167 9
167 9
167 9
167 9
167 9
167 9
167 9
167 9
167 9
167 9
167 9
167 9
167 9
167 9
167 10
167 9
167 9
167 9
167 9
167 9
167 10
167 12
167 9
167 10
167 9
167 10
167 9
167 11
167 9
167 9
167 9
167 9
167 9
167 10
167 10
167 9
167 10
167 9
167 10
167 9
167 9
167 9
167 10
167 9
167 9
167 9
167 9
167 9
167 10
167 9
167 9
167 10
167 9
167 9
167 9
167 9
167 9
167 9
167 9
167 9
167 9
167 9
167 9
167 9
167 10
167 9
167 9
167 9
167 9
167 9
167 9
167 10
167 9
167 9
167 9
167 10
167 9
167 9
167 9
167 9
167 9
167 10
167 9
167 9
167 9
167 9
167 9
167 9
167 9
167 9
167 9
167 10
167 10
167 9
167 9
167 9
167 9
167 9
167 9
167 8
167 9
167 10
167 10
167 14
168 17
168 9
168 9
168 12
168 9
168 9
168 10
168 12
168 12
168 9
168 10
168 12
168 13
168 11
168 9
168 12
168 9
168 10
168 9
168 9
168 12
168 12
168 9
168 13
168 15
168 10
168 11
168 12
168 9
168 9
168 9
168 10
168 14
168 9
168 12
168 12
168 13
168 10
168 9
168 12
168 10
168 12
168 9
168 9
168 12
168 10
168 9
168 15
169 17
169 11
169 10
169 9
169 9
169 10
169 9
169 9
169 9
169 9
169 9
169 9
169 10
169 9
169 9
169 9
169 10
169 9
169 9
169 9
169 10
169 9
169 9
169 9
169 10
169 9
169 9
169 9
169 9
169 9
169 9
169 9
169 9
169 10
169 9
169 9
169 10
169 9
169 9
169 9
169 9
169 9
169 9
169 9
169 9
169 9
169 10
169 9
169 10
169 9
169 9
169 9
169 9
169 9
169 9
169 9
169 10
169 9
169 9
169 9
169 10
169 9
169 9
169 9
169 10
169 9
169 9
169 9
169 9
169 9
169 9
169 9
169 10
169 9
169 9
169 9
169 9
169 10
169 11
169 9
169 9
169 9
169 9
169 9
169 10
169 9
169 9
169 9
169 9
169 9
169 9
169 9
169 9
169 9
169 9
169 9
169 10
169 9
169 9
169 10
169 9
169 9
169 9
169 9
169 10
169 9
169 10
169 9
169 10
169 9
169 9
169 9
169 9
169 9
169 9
169 9
169 9
169 9
169 9
169 9
169 10
169 9
169 10
169 9
169 9
169 8
169 9
169 9
169 9
169 8
169 9
169 9
169 10
169 9
169 10
169 10
169 9
169 10
169 9
169 9
169 9
169 9
169 9
169 9
169 10
169 9
169 9
169 9
169 9
169 9
169 9
169 9
169 9
169 9
169 10
169 15
170 17
170 10
170 9
170 9
170 9
170 10
170 9
170 10
170 9
170 9
170 10
170 10
170 11
170 9
170 9
170 10
170 10
170 10
170 9
170 9
170 10
170 9
170 10
170 10
170 11
170 12
170 10
170 9
170 9
170 9
170 10
170 10
170 10
170 10
170 10
170 10
170 9
170 9
170 12
170 12
170 9
170 9
170 9
170 10
170 9
170 10
170 10
170 10
170 10
170 10
170 9
170 12
170 9
170 10
170 9
170 9
170 10
170 10
170 10
170 9
170 10
170 9
170 9
170 15
171 17
171 12
171 9
171 9
171 10
171 9
171 10
171 9
171 9
171 9
171 9
171 9
171 11
171 9
171 9
171 9
171 9
171 10
171 10
171 9
171 9
171 9
171 9
171 12
171 9
171 9
171 9
171 9
171 9
171 9
171 10
171 9
171 9
171 9
171 10
171 12
171 14
171 10
171 9
171 9
171 10
171 9
171 9
171 9
171 9
171 9
171 10
171 10
171 11
171 10
171 9
171 10
171 8
171 10
171 11
171 9
171 9
171 10
171 9
171 10
171 9
171 9
171 9
171 9
171 9
171 9
171 10
171 9
171 9
171 9
171 10
171 12
171 14
171 10
171 9
171 9
171 10
171 9
171 9
171 9
171 9
171 9
171 9
171 9
171 12
171 10
171 9
171 9
171 9
171 10
171 10
171 9
171 9
171 9
171 9
171 10
171 9
171 10
171 9
171 9
171 9
171 9
171 10
171 9
171 9
171 9
171 10
171 15
172 17
172 10
172 9
172 9
172 9
172 9
172 9
172 9
172 9
172 9
172 9
172 9
172 9
172 9
172 9
172 9
172 9
172 9
172 9
172 9
172 9
172 9
172 9
172 10
172 9
172 9
172 9
172 9
172 9
172 9
172 8
172 9
172 9
172 9
172 9
172 9
172 9
172 9
172 9
172 9
172 9
172 13
172 15
172 9
172 9
172 9
172 9
172 9
172 9
172 9
172 9
172 9
172 9
172 9
172 9
172 9
172 10
172 9
172 9
172 9
172 9
172 9
172 9
172 9
172 10
172 10
172 9
172 9
172 9
172 9
172 9
172 9
172 9
172 9
172 9
172 9
172 9
172 9
172 9
172 9
172 10
172 9
172 9
172 15
173 17
173 12
173 10
173 10
173 10
173 9
173 9
173 9
173 9
173 9
173 9
173 9
173 9
173 9
173 9
173 9
173 9
173 9
173 9
173 9
173 9
173 9
173 9
173 9
173 9
173 10
173 9
173 9
173 9
173 9
173 9
173 9
173 9
173 9
173 9
173 9
173 9
173 9
173 9
173 9
173 9
173 9
173 9
173 9
173 9
173 9
173 9
173 10
173 9
173 9
173 9
173 9
173 9
173 9
173 9
173 9
173 9
173 9
173 8
173 9
173 10
173 9
173 9
173 9
173 10
173 9
173 9
173 9
173 9
173 9
173 9
173 9
173 9
173 9
173 9
173 9
173 9
173 10
173 9
173 10
173 9
173 9
173 9
173 9
173 9
173 10
173 11
173 9
173 9
173 9
173 9
173 9
173 10
173 9
173 9
173 9
173 10
173 9
173 9
173 9
173 9
173 9
173 9
173 10
173 9
173 9
173 9
173 9
173 9
173 10
173 9
173 9
173 9
173 9
173 9
173 10
173 10
173 9
173 9
173 9
173 9
173 9
173 10
173 9
173 9
173 9
173 9
173 10
173 9
173 10
173 9
173 9
173 9
173 9
173 9
173 9
173 9
173 9
173 10
173 9
173 9
173 9
173 9
173 9
173 9
173 9
173 9
173 9
173 9
173 9
173 9
173 9
173 9
173 9
173 9
173 10
173 9
173 9
173 10
173 9
173 9
173 9
173 10
173 9
173 9
173 9
173 9
173 9
173 9
173 9
173 10
173 15
174 17
174 10
174 9
174 9
174 9
174 10
174 9
174 9
174 9
174 9
174 10
174 9
174 9
174 10
174 9
174 9
174 9
174 9
174 14
174 9
174 9
174 9
174 9
174 10
174 9
174 9
174 9
174 10
174 11
174 9
174 9
174 9
174 9
174 9
174 9
174 9
174 9
174 12
174 9
174 9
174 9
174 9
174 11
174 10
174 9
174 10
174 9
174 9
174 9
174 9
174 10
174 9
174 9
174 9
174 9
174 15
175 17
175 12
175 10
175 10
175 10
175 9
175 9
175 9
175 9
175 9
175 9
175 9
175 10
175 9
175 9
175 10
175 10
175 12
175 9
175 9
175 9
175 9
175 9
175 11
175 12
175 9
175 9
175 9
175 10
175 9
175 10
175 9
175 9
175 9
175 12
175 9
175 9
175 9
175 9
175 9
175 10
175 9
175 9
175 9
175 9
175 9
175 10
175 11
175 12
175 9
175 9
175 10
175 12
175 9
175 9
175 9
175 9
175 9
175 9
175 10
175 12
175 9
175 9
175 9
175 9
175 9
175 9
175 12
175 12
175 9
175 9
175 11
175 12
175 9
175 9
175 9
175 10
175 9
175 10
175 9
175 10
175 9
175 9
175 9
175 10
175 10
175 9
175 9
175 9
175 9
175 10
175 9
175 9
175 9
175 9
175 11
175 12
175 9
175 10
175 9
175 10
175 10
175 10
175 12
175 9
175 9
175 9
175 9
175 9
175 9
175 10
175 9
175 9
175 9
175 9
175 9
175 9
175 9
175 10
175 15
176 17
176 9
176 9
176 9
176 9
176 9
176 10
176 11
176 9
176 11
176 12
176 9
176 9
176 9
176 10
176 9
176 9
176 9
176 9
176 12
176 13
176 10
176 10
176 9
176 9
176 10
176 9
176 9
176 10
176 12
176 12
176 9
176 9
176 10
176 9
176 9
176 11
176 9
176 9
176 13
176 15
176 9
176 9
176 10
176 10
176 9
176 9
176 9
176 9
176 11
176 12
176 10
176 9
176 9
176 9
176 9
176 9
176 10
176 10
176 12
176 13
176 9
176 10
176 9
176 9
176 10
176 9
176 9
176 9
176 12
176 12
176 9
176 10
176 10
176 9
176 9
176 9
176 9
176 9
176 15
177 17
177 12
177 10
177 10
177 9
177 9
177 9
177 9
177 9
177 10
177 9
177 9
177 9
177 10
177 9
177 9
177 9
177 10
177 9
177 9
177 10
177 9
177 9
177 9
177 9
177 10
177 9
177 10
177 9
177 9
177 9
177 10
177 9
177 9
177 9
177 9
177 9
177 9
177 12
177 10
177 9
177 9
177 9
177 9
177 9
177 9
177 9
177 9
177 9
177 9
177 9
177 9
177 9
177 9
177 9
177 9
177 9
177 11
177 11
177 9
177 9
177 9
177 10
177 9
177 9
177 9
177 9
177 9
177 9
177 9
177 9
177 9
177 9
177 9
177 10
177 9
177 9
177 14
177 9
177 10
177 9
177 9
177 9
177 9
177 9
177 9
177 9
177 9
177 10
177 9
177 9
177 9
177 9
177 9
177 9
177 9
177 10
177 9
177 9
177 9
177 10
177 9
177 9
177 9
177 9
177 9
177 9
177 9
177 9
177 9
177 9
177 9
177 9
177 9
177 10
177 15
178 17
178 10
178 9
178 9
178 10
178 9
178 9
178 9
178 9
178 10
178 9
178 9
178 9
178 9
178 9
178 9
178 9
178 9
178 9
178 9
178 9
178 9
178 10
178 9
178 9
178 9
178 9
178 10
178 9
178 9
178 9
178 10
178 10
178 9
178 9
178 9
178 9
178 10
178 9
178 9
178 9
178 9
178 9
178 10
178 10
178 10
178 10
178 9
178 10
178 10
178 9
178 9
178 9
178 9
178 9
178 10
178 10
178 9
178 10
178 10
178 10
178 9
178 9
178 9
178 9
178 10
178 9
178 9
178 9
178 9
178 9
178 9
178 9
178 10
178 9
178 10
178 9
178 9
178 9
178 9
178 9
178 9
178 9
178 9
178 9
178 9
178 9
178 15
179 18
179 12
179 11
179 10
179 9
179 10
179 9
179 10
179 9
179 10
179 9
179 9
179 9
179 9
179 9
179 10
179 9
179 9
179 10
179 9
179 9
179 9
179 9
179 9
179 9
179 9
179 9
179 9
179 9
179 10
179 9
179 9
179 9
179 10
179 9
179 9
179 9
179 9
179 9
179 9
179 9
179 9
179 9
179 9
179 9
179 9
179 10
179 9
179 9
179 9
179 9
179 9
179 10
179 9
179 9
179 9
179 9
179 9
179 9
179 10
179 9
179 9
179 9
179 9
179 9
179 9
179 9
179 9
179 9
179 9
179 10
179 9
179 9
179 10
179 10
179 9
179 9
179 9
179 9
179 10
179 9
179 9
179 9
179 9
179 10
179 9
179 9
179 9
179 11
179 12
179 9
179 9
179 9
179 9
179 10
179 9
179 9
179 9
179 9
179 9
179 9
179 9
179 9
179 10
179 11
179 9
179 9
179 9
179 9
179 9
179 9
179 9
179 9
179 9
179 9
179 10
179 9
179 9
179 9
179 10
179 10
179 9
179 9
179 9
179 9
179 9
179 9
179 9
179 9
179 9
179 9
179 9
179 9
179 9
179 9
179 9
179 10
179 9
179 9
179 9
179 9
179 10
179 9
179 9
179 9
179 9
179 9
179 9
179 9
179 8
179 9
179 9
179 9
179 9
179 9
179 9
179 9
179 9
179 9
179 9
179 9
179 10
179 9
179 9
179 10
179 9
179 9
179 9
179 10
179 9
179 9
179 9
179 9
179 9
179 9
179 9
179 10
179 15
180 18
180 9
180 10
180 10
180 10
180 12
180 10
180 11
180 12
180 12
180 11
180 9
180 10
180 10
180 10
180 12
180 14
180 9
180 12
180 12
180 9
180 11
180 10
180 13
180 16
180 10
180 11
180 9
180 11
180 12
180 10
180 12
180 14
180 11
180 10
180 10
180 10
180 11
180 11
180 11
180 12
180 10
180 12
180 11
180 9
180 10
180 9
180 15
181 17
181 12
181 10
181 9
181 9
181 9
181 9
181 9
181 9
181 9
181 9
181 9
181 11
181 10
181 9
181 9
181 9
181 9
181 10
181 9
181 9
181 9
181 9
181 9
181 9
181 9
181 9
181 9
181 9
181 9
181 9
181 9
181 10
181 9
181 9
181 9
181 9
181 9
181 9
181 9
181 9
181 9
181 9
181 9
181 9
181 9
181 9
181 10
181 10
181 9
181 9
181 10
181 10
181 9
181 10
181 9
181 9
181 9
181 10
181 9
181 10
181 9
181 9
181 9
181 9
181 9
181 9
181 9
181 9
181 9
181 9
181 9
181 9
181 9
181 9
181 10
181 9
181 9
181 9
181 9
181 9
181 9
181 9
181 9
181 9
181 9
181 9
181 9
181 9
181 11
181 12
181 9
181 9
181 9
181 9
181 9
181 9
181 9
181 9
181 9
181 9
181 9
181 9
181 9
181 9
181 9
181 9
181 9
181 9
181 9
181 9
181 9
181 9
181 9
181 9
181 9
181 9
181 9
181 9
181 9
181 9
181 9
181 9
181 10
181 9
181 9
181 9
181 9
181 9
181 9
181 9
181 11
181 9
181 9
181 9
181 10
181 9
181 9
181 9
181 9
181 9
181 9
181 9
181 10
181 9
181 9
181 9
181 9
181 10
181 9
181 10
181 9
181 9
181 9
181 9
181 9
181 9
181 9
181 9
181 9
181 10
181 10
181 9
181 10
181 9
181 9
181 10
181 10
181 9
181 10
181 10
181 9
181 9
181 9
181 9
181 9
181 9
181 9
181 10
181 15
182 18
182 10
182 9
182 10
182 9
182 10
182 9
182 9
182 9
182 10
182 12
182 10
182 9
182 9
182 9
182 10
182 10
182 10
182 9
182 10
182 12
182 9
182 11
182 9
182 10
182 9
182 9
182 11
182 9
182 9
182 12
182 10
182 9
182 10
182 9
182 10
182 11
182 9
182 9
182 11
182 10
182 10
182 10
182 9
182 10
182 10
182 9
182 10
182 9
182 9
182 10
182 10
182 12
182 9
182 10
182 10
182 10
182 9
182 9
182 9
182 10
182 12
182 12
182 9
182 9
182 10
182 9
182 9
182 9
182 9
182 9
182 15
183 18
183 12
183 10
183 9
183 9
183 9
183 9
183 9
183 11
183 9
183 9
183 10
183 10
183 9
183 9
183 9
183 9
183 9
183 10
183 9
183 10
183 9
183 10
183 9
183 9
183 9
183 9
183 9
183 9
183 10
183 9
183 10
183 9
183 9
183 9
183 9
183 9
183 9
183 9
183 9
183 14
183 9
183 10
183 9
183 9
183 9
183 10
183 9
183 9
183 9
183 9
183 9
183 9
183 10
183 9
183 9
183 9
183 9
183 9
183 10
183 12
183 9
183 9
183 9
183 9
183 9
183 9
183 9
183 9
183 9
183 10
183 9
183 9
183 9
183 9
183 10
183 10
183 9
183 9
183 13
183 10
183 9
183 9
183 9
183 9
183 9
183 10
183 9
183 9
183 9
183 9
183 9
183 9
183 9
183 9
183 9
183 10
183 10
183 9
183 9
183 10
183 9
183 9
183 9
183 9
183 9
183 10
183 9
183 10
183 10
183 11
183 10
183 9
183 9
183 9
183 10
183 9
183 9
183 10
183 15
184 18
184 10
184 9
184 9
184 9
184 9
184 9
184 9
184 9
184 9
184 9
184 10
184 9
184 9
184 10
184 9
184 10
184 9
184 10
184 9
184 10
184 12
184 14
184 9
184 9
184 9
184 9
184 10
184 10
184 10
184 9
184 9
184 9
184 10
184 9
184 9
184 9
184 9
184 10
184 9
184 10
184 9
184 9
184 13
184 16
184 9
184 9
184 9
184 9
184 9
184 10
184 9
184 9
184 9
184 10
184 9
184 9
184 9
184 10
184 9
184 10
184 10
184 9
184 9
184 9
184 12
184 14
184 9
184 9
184 9
184 9
184 9
184 9
184 9
184 9
184 9
184 9
184 10
184 9
184 9
184 9
184 9
184 9
184 9
184 10
184 9
184 9
184 15
185 18
185 12
185 10
185 9
185 10
185 9
185 9
185 9
185 9
185 9
185 9
185 9
185 9
185 9
185 10
185 10
185 10
185 10
185 9
185 9
185 10
185 9
185 9
185 9
185 10
185 9
185 9
185 9
185 12
185 12
185 9
185 9
185 9
185 10
185 9
185 9
185 9
185 9
185 9
185 9
185 9
185 9
185 9
185 9
185 9
185 10
185 9
185 9
185 10
185 9
185 9
185 9
185 9
185 10
185 9
185 9
185 9
185 11
185 9
185 9
185 9
185 9
185 9
185 9
185 10
185 9
185 9
185 11
185 9
185 9
185 9
185 11
185 12
185 9
185 9
185 9
185 9
185 9
185 9
185 9
185 9
185 9
185 9
185 9
185 9
185 9
185 12
185 9
185 9
185 10
185 10
185 9
185 9
185 10
185 9
185 9
185 10
185 9
185 9
185 9
185 9
185 9
185 9
185 9
185 9
185 9
185 9
185 9
185 10
185 9
185 11
185 9
185 9
185 10
185 11
185 12
185 9
185 9
185 9
185 9
185 9
185 9
185 9
185 9
185 9
185 9
185 10
185 10
185 10
185 9
185 9
185 9
185 9
185 9
185 9
185 9
185 10
185 9
185 9
185 10
185 9
185 10
185 10
185 15
186 18
186 10
186 10
186 9
186 9
186 9
186 9
186 9
186 10
186 9
186 10
186 9
186 10
186 9
186 11
186 9
186 9
186 9
186 9
186 13
186 9
186 10
186 9
186 9
186 9
186 10
186 9
186 9
186 9
186 10
186 11
186 11
186 10
186 10
186 9
186 10
186 9
186 9
186 9
186 9
186 14
186 9
186 9
186 9
186 10
186 10
186 9
186 10
186 9
186 9
186 10
186 9
186 10
186 9
186 9
186 9
186 9
186 9
186 10
186 15
187 18
187 12
187 10
187 9
187 10
187 9
187 10
187 9
187 9
187 9
187 10
187 9
187 9
187 9
187 10
187 11
187 9
187 9
187 10
187 10
187 9
187 9
187 9
187 9
187 10
187 9
187 9
187 9
187 9
187 11
187 9
187 9
187 10
187 10
187 9
187 9
187 9
187 10
187 10
187 9
187 10
187 10
187 9
187 10
187 11
187 10
187 10
187 10
187 9
187 9
187 9
187 9
187 9
187 9
187 9
187 10
187 9
187 12
187 10
187 9
187 10
187 9
187 9
187 9
187 10
187 9
187 10
187 9
187 9
187 9
187 9
187 9
187 10
187 11
187 10
187 10
187 9
187 9
187 9
187 11
187 12
187 10
187 10
187 9
187 10
187 10
187 9
187 11
187 9
187 9
187 9
187 9
187 9
187 9
187 10
187 9
187 9
187 9
187 9
187 9
187 9
187 10
187 12
187 10
187 9
187 9
187 10
187 9
187 9
187 9
187 9
187 9
187 9
187 10
187 9
187 10
187 11
187 9
187 9
187 9
187 9
187 9
187 10
187 9
187 9
187 9
187 9
187 9
187 10
187 10
187 10
187 10
187 9
187 9
187 9
187 9
187 9
187 10
187 9
187 9
187 9
187 10
187 9
187 9
187 10
187 11
187 9
187 9
187 9
187 10
187 10
187 9
187 9
187 9
187 9
187 9
187 9
187 9
187 10
187 15
188 18
188 10
188 9
188 10
188 9
188 9
188 9
188 9
188 9
188 9
188 9
188 9
188 9
188 9
188 9
188 9
188 9
188 9
188 9
188 10
188 9
188 9
188 10
188 11
188 9
188 9
188 9
188 9
188 9
188 9
188 10
188 9
188 9
188 10
188 10
188 9
188 10
188 9
188 9
188 9
188 9
188 9
188 9
188 9
188 9
188 13
188 16
188 10
188 9
188 9
188 9
188 9
188 9
188 10
188 9
188 9
188 9
188 10
188 9
188 10
188 9
188 10
188 9
188 9
188 9
188 9
188 9
188 10
188 9
188 11
188 9
188 9
188 9
188 9
188 9
188 9
188 9
188 10
188 9
188 9
188 10
188 9
188 9
188 10
188 9
188 9
188 9
188 9
188 9
188 10
188 10
188 15
189 18
189 12
189 10
189 9
189 10
189 10
189 9
189 9
189 10
189 9
189 10
189 10
189 11
189 9
189 9
189 11
189 9
189 11
189 11
189 9
189 10
189 9
189 9
189 11
189 11
189 10
189 10
189 10
189 9
189 9
189 11
189 12
189 9
189 9
189 10
189 13
189 14
189 11
189 10
189 9
189 11
189 10
189 10
189 9
189 10
189 10
189 12
189 10
189 11
189 9
189 9
189 9
189 10
189 10
189 12
189 9
189 10
189 9
189 9
189 10
189 11
189 11
189 12
189 10
189 9
189 10
189 10
189 10
189 9
189 9
189 10
189 12
189 14
189 11
189 10
189 9
189 12
189 12
189 9
189 9
189 10
189 9
189 10
189 10
189 11
189 10
189 9
189 9
189 9
189 10
189 11
189 9
189 12
189 9
189 9
189 10
189 11
189 9
189 10
189 10
189 10
189 9
189 10
189 10
189 9
189 10
189 10
189 15
190 18
190 10
190 9
190 9
190 10
190 9
190 9
190 10
190 9
190 9
190 9
190 10
190 9
190 11
190 12
190 10
190 10
190 10
190 10
190 10
190 10
190 9
190 10
190 10
190 9
190 9
190 10
190 9
190 12
190 9
190 10
190 9
190 9
190 9
190 10
190 10
190 11
190 10
190 10
190 9
190 9
190 10
190 10
190 11
190 9
190 10
190 10
190 9
190 10
190 10
190 10
190 9
190 10
190 10
190 11
190 10
190 10
190 12
190 12
190 10
190 9
190 10
190 9
190 9
190 9
190 9
190 9
190 9
190 10
190 9
190 10
190 15
191 18
191 12
191 10
191 11
191 9
191 10
191 9
191 10
191 9
191 10
191 9
191 10
191 10
191 10
191 9
191 9
191 9
191 9
191 9
191 9
191 9
191 9
191 10
191 10
191 9
191 10
191 9
191 10
191 9
191 9
191 10
191 10
191 9
191 9
191 9
191 9
191 10
191 9
191 9
191 9
191 9
191 9
191 9
191 9
191 9
191 9
191 9
191 10
191 9
191 9
191 10
191 9
191 9
191 9
191 9
191 9
191 10
191 10
191 9
191 9
191 10
191 9
191 9
191 10
191 10
191 9
191 11
191 10
191 9
191 9
191 9
191 9
191 9
191 9
191 9
191 9
191 10
191 9
191 10
191 10
191 10
191 9
191 10
191 10
191 9
191 9
191 9
191 10
191 10
191 9
191 9
191 9
191 9
191 9
191 11
191 12
191 9
191 9
191 9
191 9
191 9
191 10
191 12
191 9
191 9
191 9
191 10
191 9
191 9
191 10
191 9
191 9
191 9
191 9
191 9
191 9
191 10
191 9
191 9
191 9
191 9
191 9
191 9
191 11
191 9
191 9
191 10
191 10
191 10
191 9
191 9
191 9
191 9
191 11
191 10
191 9
191 9
191 9
191 9
191 9
191 10
191 9
191 9
191 9
191 9
191 9
191 10
191 9
191 9
191 9
191 9
191 10
191 9
191 9
191 9
191 9
191 9
191 10
191 9
191 9
191 9
191 10
191 9
191 9
191 10
191 10
191 9
191 9
191 10
191 9
191 9
191 9
191 9
191 9
191 10
191 9
191 9
191 9
191 9
191 10
191 9
191 9
191 9
191 9
191 9
191 9
191 10
191 10
191 10
191 15
192 18
192 9
192 10
192 9
192 10
192 11
192 9
192 11
192 12
192 9
192 12
192 9
192 10
192 10
192 9
192 12
192 14
192 9
192 10
192 10
192 10
192 14
192 9
192 11
192 12
192 9
192 11
192 9
192 10
192 10
192 9
192 13
192 16
192 9
192 10
192 10
192 10
192 11
192 9
192 11
192 12
192 9
192 13
192 9
192 11
192 10
192 9
192 12
192 14
192 9
192 10
192 9
192 10
192 13
192 9
192 11
192 12
192 9
192 11
192 9
192 10
192 10
192 9
192 15
193 18
193 12
193 10
193 9
193 9
193 9
193 9
193 9
193 9
193 9
193 9
193 10
193 9
193 10
193 9
193 9
193 9
193 9
193 9
193 10
193 9
193 9
193 9
193 9
193 9
193 11
193 9
193 10
193 10
193 9
193 9
193 9
193 9
193 9
193 9
193 9
193 9
193 9
193 9
193 9
193 9
193 10
193 9
193 9
193 9
193 9
193 9
193 9
193 9
193 9
193 9
193 11
193 10
193 9
193 9
193 9
193 9
193 9
193 9
193 9
193 9
193 9
193 9
193 9
193 10
193 9
193 9
193 10
193 11
193 9
193 10
193 9
193 9
193 9
193 9
193 9
193 9
193 9
193 10
193 10
193 10
193 9
193 9
193 10
193 10
193 9
193 9
193 9
193 10
193 9
193 9
193 10
193 9
193 9
193 10
193 11
193 12
193 9
193 9
193 9
193 9
193 9
193 9
193 9
193 9
193 9
193 10
193 10
193 10
193 9
193 9
193 10
193 9
193 9
193 9
193 9
193 9
193 10
193 9
193 9
193 9
193 9
193 9
193 10
193 9
193 9
193 9
193 10
193 10
193 9
193 9
193 9
193 10
193 9
193 9
193 9
193 9
193 9
193 9
193 9
193 10
193 9
193 9
193 9
193 9
193 10
193 9
193 9
193 9
193 9
193 9
193 9
193 9
193 9
193 9
193 10
193 9
193 9
193 9
193 9
193 10
193 9
193 9
193 8
193 9
193 10
193 10
193 9
193 9
193 10
193 9
193 10
193 9
193 9
193 9
193 9
193 10
193 9
193 10
193 9
193 9
193 9
193 9
193 9
193 9
193 9
193 9
193 9
193 9
193 9
193 11
193 15
194 18
194 10
194 9
194 10
194 9
194 9
194 10
194 10
194 9
194 9
194 9
194 9
194 9
194 10
194 10
194 9
194 9
194 10
194 9
194 9
194 10
194 9
194 10
194 9
194 10
194 9
194 9
194 9
194 9
194 10
194 10
194 9
194 10
194 9
194 10
194 10
194 9
194 10
194 9
194 9
194 9
194 10
194 9
194 10
194 9
194 9
194 9
194 10
194 11
194 9
194 9
194 9
194 10
194 9
194 10
194 9
194 9
194 10
194 10
194 9
194 9
194 10
194 9
194 9
194 9
194 9
194 9
194 9
194 10
194 10
194 9
194 10
194 9
194 10
194 9
194 9
194 9
194 10
194 9
194 9
194 9
194 10
194 9
194 9
194 9
194 9
194 9
194 9
194 9
194 10
194 9
194 9
194 9
194 9
194 9
194 15
195 18
195 12
195 10
195 10
195 10
195 9
195 12
195 11
195 9
195 9
195 9
195 9
195 10
195 9
195 11
195 10
195 10
195 10
195 11
195 9
195 9
195 10
195 10
195 10
195 10
195 11
195 9
195 9
195 11
195 11
195 9
195 12
195 10
195 9
195 9
195 10
195 10
195 10
195 12
195 12
195 9
195 10
195 10
195 10
195 9
195 11
195 9
195 11
195 12
195 9
195 10
195 10
195 9
195 10
195 10
195 9
195 12
195 12
195 10
195 10
195 10
195 9
195 10
195 9
195 14
195 9
195 10
195 11
195 10
195 9
195 10
195 9
195 10
195 9
195 10
195 10
195 9
195 12
195 10
195 10
195 10
195 10
195 10
195 9
195 9
195 9
195 10
195 9
195 10
195 12
195 9
195 10
195 10
195 9
195 10
195 15
196 18
196 10
196 9
196 9
196 9
196 9
196 10
196 9
196 9
196 9
196 10
196 11
196 12
196 9
196 10
196 10
196 9
196 10
196 10
196 10
196 9
196 9
196 9
196 11
196 12
196 9
196 9
196 9
196 10
196 10
196 10
196 10
196 9
196 10
196 9
196 11
196 12
196 9
196 10
196 9
196 9
196 13
196 16
196 9
196 9
196 9
196 9
196 11
196 12
196 9
196 9
196 9
196 9
196 10
196 10
196 9
196 10
196 9
196 9
196 11
196 12
196 9
196 10
196 9
196 9
196 10
196 10
196 9
196 9
196 9
196 10
196 11
196 12
196 10
196 9
196 10
196 10
196 10
196 10
196 9
196 9
196 10
196 9
196 15
197 18
197 12
197 10
197 9
197 9
197 10
197 9
197 10
197 11
197 10
197 9
197 9
197 9
197 11
197 9
197 9
197 9
197 9
197 9
197 9
197 10
197 10
197 9
197 9
197 9
197 9
197 9
197 10
197 10
197 9
197 9
197 9
197 10
197 9
197 9
197 9
197 9
197 9
197 9
197 9
197 9
197 9
197 9
197 10
197 10
197 9
197 10
197 9
197 10
197 9
197 9
197 9
197 9
197 9
197 9
197 9
197 9
197 9
197 9
197 9
197 9
197 9
197 10
197 9
197 9
197 10
197 9
197 9
197 9
197 9
197 9
197 10
197 9
197 9
197 9
197 9
197 9
197 9
197 9
197 9
197 9
197 9
197 9
197 9
197 9
197 9
197 9
197 9
197 9
197 9
197 10
197 9
197 9
197 9
197 9
197 9
197 10
197 11
197 11
197 9
197 10
197 9
197 10
197 10
197 9
197 10
197 9
197 10
197 9
197 9
197 9
197 9
197 10
197 9
197 9
197 9
197 9
197 9
197 9
197 9
197 9
197 10
197 9
197 9
197 9
197 9
197 9
197 9
197 9
197 9
197 9
197 9
197 9
197 10
197 9
197 9
197 9
197 10
197 9
197 9
197 9
197 9
197 9
197 9
197 9
197 9
197 9
197 9
197 9
197 9
197 9
197 9
197 9
197 9
197 10
197 9
197 10
197 9
197 9
197 10
197 9
197 9
197 9
197 9
197 9
197 9
197 9
197 9
197 9
197 9
197 9
197 9
197 9
197 9
197 9
197 9
197 9
197 9
197 9
197 9
197 9
197 10
197 10
197 9
197 9
197 10
197 9
197 9
197 9
197 9
197 9
197 9
197 9
197 9
197 11
197 15
198 18
198 10
198 9
198 9
198 10
198 11
198 12
198 9
198 9
198 9
198 10
198 11
198 9
198 11
198 9
198 10
198 10
198 9
198 9
198 13
198 14
198 10
198 11
198 9
198 10
198 9
198 12
198 11
198 10
198 10
198 10
198 9
198 10
198 12
198 9
198 10
198 10
198 10
198 11
198 12
198 14
198 9
198 9
198 11
198 11
198 9
198 12
198 9
198 10
198 11
198 9
198 9
198 9
198 11
198 10
198 11
198 9
198 9
198 9
198 15
199 17
199 12
199 10
199 10
199 10
199 10
199 10
199 10
199 9
199 11
199 9
199 10
199 9
199 9
199 9
199 9
199 9
199 9
199 9
199 11
199 10
199 9
199 9
199 9
199 10
199 10
199 9
199 10
199 9
199 9
199 10
199 9
199 9
199 9
199 9
199 9
199 9
199 9
199 9
199 10
199 9
199 9
199 9
199 9
199 10
199 9
199 9
199 9
199 9
199 10
199 9
199 9
199 9
199 10
199 9
199 9
199 9
199 9
199 9
199 9
199 10
199 11
199 9
199 9
199 9
199 10
199 10
199 9
199 9
199 9
199 9
199 9
199 9
199 9
199 9
199 10
199 9
199 9
199 9
199 10
199 9
199 9
199 9
199 9
199 9
199 9
199 9
199 10
199 10
199 10
199 9
199 11
199 10
199 10
199 9
199 9
199 10
199 10
199 11
199 12
199 9
199 9
199 10
199 9
199 9
199 10
199 10
199 10
199 9
199 9
199 9
199 9
199 9
199 10
199 9
199 9
199 9
199 9
199 9
199 9
199 10
199 9
199 9
199 9
199 9
199 10
199 10
199 9
199 9
199 9
199 10
199 10
199 10
199 9
199 9
199 9
199 10
199 11
199 10
199 9
199 10
199 9
199 9
199 9
199 9
199 9
199 9
199 9
199 9
199 10
199 10
199 10
199 9
199 9
199 9
199 9
199 9
199 9
199 9
199 9
199 10
199 9
199 10
199 9
199 10
199 9
199 9
199 9
199 10
199 9
199 9
199 9
199 9
199 10
199 9
199 9
199 9
199 9
199 10
199 10
199 10
199 9
199 9
199 10
199 9
199 9
199 9
199 9
199 10
199 9
199 10
199 9
199 9
199 10
199 9
199 9
199 10
199 15
200 18
200 10
200 10
200 10
200 10
200 9
200 10
200 10
200 11
200 9
200 9
200 10
200 10
200 10
200 9
200 11
200 12
200 9
200 9
200 12
200 14
200 9
200 11
200 10
200 11
200 10
200 10
200 10
200 10
200 10
200 9
200 11
200 12
200 9
200 9
200 10
200 10
200 10
200 10
200 13
200 16
200 10
200 10
200 10
200 10
200 9
200 9
200 11
200 12
200 9
200 10
200 10
200 10
200 9
200 10
200 10
200 11
200 10
200 9
200 12
200 14
200 9
200 10
200 11
200 12
200 9
200 9
200 10
200 10
200 9
200 9
200 10
200 11
200 9
200 10
200 10
200 10
200 10
200 9
200 15
