#n minimum inefficiency of n
3 3
4 3
5 3
6 3
7 4
8 4
9 4
10 4
11 4
12 5
13 4
14 5
15 5
16 5
17 5
18 5
19 5
20 5
21 5
22 5
23 6
24 7
25 5
26 6
27 6
28 6
29 6
30 7
31 6
32 6
33 6
34 6
35 6
36 6
37 6
38 6
39 6
40 7
41 6
42 6
43 6
44 7
45 7
46 7
47 6
48 8
49 7
50 7
51 7
52 7
53 7
54 7
55 7
56 7
57 7
58 7
59 7
60 8
61 7
62 7
63 7
64 7
65 7
66 7
67 7
68 7
69 7
70 8
71 7
72 8
73 7
74 7
75 7
76 7
77 7
78 7
79 7
80 8
81 7
82 7
83 7
84 8
85 8
86 7
87 7
88 8
89 8
90 8
91 8
92 8
93 8
94 8
95 8
96 8
97 8
98 8
99 8
100 8
101 7
102 8
103 8
104 8
105 8
106 8
107 8
108 8
109 8
110 8
111 8
112 8
113 8
114 8
115 8
116 8
117 8
118 8
119 8
120 9
121 8
122 8
123 8
124 8
125 8
126 8
127 8
128 8
129 8
130 8
131 8
132 8
133 8
134 8
135 8
136 8
137 8
138 8
139 8
140 8
141 8
142 8
143 8
144 9
145 8
146 8
147 8
148 8
149 8
150 9
151 8
152 8
153 9
154 9
155 8
156 9
157 8
158 8
159 8
160 9
161 8
162 8
163 8
164 8
165 9
166 9
167 8
168 9
169 8
170 9
171 8
172 8
173 8
174 9
175 9
176 9
177 9
178 9
179 8
180 9
181 9
182 9
183 9
184 9
185 9
186 9
187 9
188 9
189 9
190 9
191 9
192 9
193 8
194 9
195 9
196 9
197 9
198 9
199 9
200 9
201 9
202 9
203 9
204 9
205 9
206 9
207 9
208 9
209 9
210 9
211 9
212 9
213 9
214 9
215 9
216 9
217 9
218 9
219 9
220 9
221 9
222 9
223 9
224 9
225 9
226 9
227 9
228 9
229 9
230 9
231 9
232 9
233 9
234 9
235 9
236 9
237 9
238 9
239 9
240 10
241 9
242 9
243 9
244 9
245 9
246 9
247 9
248 9
249 9
250 9
251 9
252 9
253 9
254 9
255 9
256 9
257 9
258 9
259 9
260 9
261 9
262 9
263 9
264 9
265 9
266 9
267 9
268 9
269 9
270 9
271 9
272 9
273 9
274 9
275 9
276 9
277 9
278 9
279 9
280 9
281 9
282 9
283 9
284 9
285 9
286 9
287 9
288 10
289 9
290 10
291 9
292 9
293 9
294 9
295 9
296 9
297 9
298 9
299 9
300 9
301 9
302 9
303 9
304 9
305 9
306 9
307 9
308 9
309 9
310 9
311 9
312 10
313 9
314 9
315 10
316 9
317 9
318 10
319 9
320 10
321 9
322 10
323 9
324 10
325 9
326 9
327 9
328 9
329 9
330 10
331 9
332 10
333 9
334 9
335 9
336 10
337 9
338 9
339 9
340 10
341 9
342 10
343 9
344 10
345 10
346 10
347 9
348 10
349 9
350 10
351 10
352 10
353 9
354 10
355 9
356 10
357 10
358 10
359 10
360 10
361 10
362 10
363 10
364 10
365 10
366 10
367 10
368 10
369 10
370 10
371 10
372 10
373 10
374 10
375 10
376 10
377 10
378 10
379 10
380 10
381 10
382 10
383 10
384 10
385 10
386 10
387 10
388 10
389 10
390 10
391 10
392 10
393 10
394 10
395 10
396 10
397 10
398 10
399 10
400 10
401 10
402 10